16388 16368
16388 16389
16389 16345
16389 16402
15062 15058
15062 15063
15062 15069
15062 15215
15062 15217
16397 16344
16397 16349
16397 16398
16398 16345
16398 16402
16399 16349
16399 16400
16399 16401
16400 15824
16400 16403
16401 15824
16401 16357
14354 13160
14354 13165
14354 14355
14354 14357
14355 13161
14355 14533
14356 13165
14356 14357
14356 14358
14356 14360
14357 14387
14357 14533
14357 14536
14358 14359
14358 14387
14359 14360
14359 14361
14359 14365
14359 14384
14359 14385
14360 13198
14362 13176
14362 14361
14362 14384
14363 13176
14363 14361
14363 14378
14364 14361
14364 14365
14364 14376
14364 14377
14364 14378
14364 14381
16404 15824
16404 15831
16404 16356
16404 16357
14366 14365
14366 14367
14366 14385
16415 16383
16415 16411
14368 14365
14368 14367
14368 14381
14369 14370
14369 14372
14369 14373
14369 14375
16416 14628
16416 16413
14371 14370
14371 14372
14371 14398
14371 14399
14371 14414
14371 14420
14371 14509
14371 14526
16412 16347
16412 16413
16412 16414
16417 14624
16417 14631
16417 16353
16417 16354
14374 14373
14374 14375
14374 14376
14374 14377
14367 14382
14367 14386
14367 14519
14367 14546
14367 14547
14367 14561
14370 14508
14372 14525
14378 14379
14378 14380
14379 13176
14379 14532
14380 14373
14380 14377
14380 14529
14380 14532
14381 14382
14381 14383
14382 14518
14383 14375
14383 14376
14383 14513
14383 14518
14386 14385
14386 14566
14387 14385
14387 14537
14387 14566
14384 13197
14384 13198
14397 14398
14397 14399
14398 14419
14399 14413
14413 14414
14414 14530
14419 14420
14420 14514
15067 15052
15067 15053
15067 15068
15067 15069
14508 14375
14508 14509
14509 14514
14510 14375
14510 14511
14510 14513
14511 14512
14511 14515
14512 14513
14512 14516
14512 14518
14512 14608
14512 14609
14512 14612
14515 14516
14516 14611
14518 14519
14519 14612
14525 14373
14525 14526
14526 14530
14527 14373
14527 14528
14527 14529
14528 13326
14528 14531
14529 13326
14531 13330
14532 13326
14532 13333
14533 14534
14533 14535
14534 13161
14534 16331
14535 14536
14535 14565
14535 16331
14535 16332
14536 14537
14536 14539
14537 14538
14538 14539
14538 14540
14538 14545
14538 14563
14538 14566
14539 14565
14540 14541
14540 14543
14540 14544
14541 14542
14541 14563
14542 14543
14542 14558
14542 14564
14542 14631
14542 16337
14542 16338
14542 16353
14543 14557
14544 14545
14544 14555
14544 14556
14544 14557
14544 14560
14545 14546
14545 14547
14546 14566
14547 14560
14548 14549
14548 14551
14548 14552
14548 14554
14549 14550
14549 14605
14550 14551
14550 14575
14550 14576
14550 14591
14550 14597
14550 14606
14550 14621
14551 14620
14552 14553
14552 14559
14552 14620
14552 14622
14553 14554
14553 14555
14553 14556
14554 14562
14554 14605
14554 14607
14555 14562
14556 14559
14557 14558
14557 14559
14558 14630
14559 14625
14559 14630
14560 14561
14560 14562
14561 14612
14562 14609
14562 14612
14563 14564
14563 14565
14564 16358
14565 16335
14565 16358
14574 14575
14574 14576
14575 14596
14576 14590
14590 14591
14591 14626
14596 14597
14597 14610
14605 14606
14606 14610
14607 14608
14607 14609
14608 14611
14620 14621
14621 14626
14622 14623
14622 14625
14623 14624
14623 14627
14624 14625
14624 14628
14624 14630
14624 16413
14624 16414
14627 14628
14630 14631
15235 15228
15235 15234
15235 15236
15235 15237
15239 15238
15239 15240
15239 15295
15241 15238
15241 15240
15241 15310
15242 15238
15242 15243
15242 15249
15242 15310
15242 15312
16403 15828
16410 16346
16410 16347
16410 16411
16411 16345
16414 16354
15043 13162
15043 13163
15043 15044
15043 15046
15044 13161
15044 15223
15045 13163
15045 15046
15045 15047
15045 15049
15046 15076
15046 15223
15046 15226
15047 15048
15047 15076
15048 15049
15048 15050
15048 15054
15048 15073
15048 15074
15049 13195
15050 15051
15050 15052
15050 15053
15051 13171
15051 15073
15052 13171
15053 15054
15053 15065
15053 15066
15053 15070
15054 15055
15054 15057
15055 15056
15055 15074
15056 15057
15056 15071
15056 15075
15056 15209
15056 15236
15056 15237
15056 15251
15057 15070
15058 15059
15058 15061
15058 15064
15059 15060
15059 15198
15060 15061
15060 15087
15060 15088
15060 15103
15060 15109
15060 15199
15060 15216
15061 15215
13169 13167
13169 13170
13169 13172
13169 13173
15063 15064
15063 15065
15063 15066
15064 15072
15064 15198
15064 15200
15065 15072
15066 15069
13171 13170
13171 13172
13171 13188
13171 13194
13171 13352
13171 15068
15068 15222
15069 15219
15069 15222
15070 15071
15070 15072
15071 15208
15072 15203
15072 15208
15073 13194
15073 13195
15074 15075
15074 15076
15075 15256
15076 15227
15076 15256
15208 15202
15208 15209
13174 13167
13174 13173
13174 13175
13174 13177
15086 15087
15086 15088
13175 13176
13175 13196
15088 15102
15087 15108
13176 13177
13176 13191
13176 13197
13176 13333
13177 13190
15102 15103
13178 13179
13178 13181
13178 13182
13178 13184
15103 15220
13179 13180
13179 13322
15108 15109
15109 15204
15216 15215
15216 15220
13181 13180
13181 13341
15218 13345
15218 15217
15218 15221
15219 13345
15219 15217
13184 13183
13184 13192
13184 13322
13184 13324
13185 13173
13185 13183
13185 13192
13186 13173
13186 13183
13186 13189
13187 13172
13187 13173
13187 13188
13187 13189
13190 13173
13190 13191
13190 13192
13193 13167
13193 13170
13193 13194
13193 13195
15230 15228
15230 15231
15230 15233
15230 15234
13196 13167
13196 13197
13196 13198
15232 15231
15232 15233
15232 15248
15232 15254
15232 15321
15232 16137
15232 16138
15232 16153
15198 15199
15199 15204
15200 15201
15200 15203
15201 15202
15201 15205
15202 15203
15202 15206
15202 15298
15202 15299
15202 15302
15205 15206
15206 15301
13159 13160
13159 13162
13159 13163
13159 13165
13160 13161
13161 13162
13161 15224
13161 15776
13161 15777
13163 13164
13163 13195
13164 13165
13164 13166
13164 13168
13165 13198
13166 13167
13166 13198
13167 13168
13168 13195
15209 15302
15221 13349
15222 13345
15222 13352
15223 15224
15223 15225
15224 16131
13180 13210
13180 13211
13180 13227
13180 13233
13180 13323
13180 13342
15225 15226
15225 15255
15225 16131
15225 16132
13182 13183
13182 13189
13182 13341
13182 13343
15226 15227
15226 15229
15227 15228
15228 15229
15228 15253
15228 15256
15229 15255
13188 13351
13189 13346
13189 13351
15231 15253
15233 15247
15234 15245
15234 15246
15234 15247
15234 15250
15236 15256
15237 15250
15238 15244
15240 15265
15240 15266
15240 15281
15240 15287
15240 15296
15240 15311
13191 13332
15243 15244
15243 15245
15243 15246
13192 13327
13192 13332
15248 15247
15248 15320
15249 15246
15249 15247
15249 15315
15249 15320
15251 15250
15251 15302
15252 15244
15252 15245
15252 15250
15252 15299
15252 15302
15255 15253
15255 16135
15255 16158
15254 15253
15254 16158
13209 13210
13209 13211
15244 15295
15244 15297
13211 13226
13210 13232
15264 15265
15264 15266
15265 15286
15266 15280
13226 13227
13227 13347
15280 15281
13232 13233
13233 13328
15281 15316
15286 15287
15287 15300
15295 15296
15296 15300
15297 15298
15297 15299
15298 15301
15310 15311
15311 15316
15312 15313
15312 15315
15313 15314
15313 15317
15314 15315
15314 15318
15314 15320
15314 16213
15314 16214
15314 16217
15317 15318
15318 16216
15320 15321
15321 16217
13322 13323
13323 13328
13324 13325
13324 13327
13325 13326
13325 13329
13326 13327
13326 13330
13326 13332
13329 13330
13332 13333
13341 13342
13342 13347
13343 13344
13343 13346
13344 13345
13344 13348
13345 13346
13345 13349
13345 13351
13348 13349
13351 13352
15750 15751
15750 15753
15751 15752
15751 15772
15752 15753
15752 15767
15752 15773
15752 15794
15752 15795
15752 15821
15752 15840
15753 15766
15766 15767
15767 15845
15772 15773
15773 15826
15775 15776
15775 15777
15775 15778
15775 15780
15776 16331
15777 16131
15778 15779
15778 15809
15778 16131
15778 16132
15779 15780
15779 15781
15779 15783
15780 15812
15780 16331
15780 16332
15781 15782
15781 15812
15782 15783
15782 15784
15782 15789
15782 15807
15782 15810
15783 15809
15784 15785
15784 15787
15784 15788
15785 15786
15785 15807
15786 15787
15786 15802
15786 15808
15786 15850
15786 16141
15786 16142
15786 16156
15787 15801
15788 15789
15788 15799
15788 15800
15788 15801
15788 15804
15789 15790
15789 15792
15790 15791
15790 15810
15791 15792
15791 15805
15791 15811
15791 15831
15791 16341
15791 16342
15791 16356
15792 15804
15793 15794
15793 15795
15793 15796
15793 15798
15794 15820
15795 15839
15796 15797
15796 15803
15796 15839
15796 15841
15797 15798
15797 15799
15797 15800
15798 15806
15798 15820
15798 15822
15799 15806
15800 15803
15801 15802
15801 15803
15802 15849
15803 15844
15803 15849
15804 15805
15804 15806
15805 15830
15806 15825
15806 15830
15807 15808
15807 15809
15808 16159
15809 16133
15809 16159
15810 15811
15810 15812
15811 16359
15812 16333
15812 16359
15820 15821
15821 15826
15822 15823
15822 15825
15823 15824
15823 15827
15824 15825
15824 15828
15824 15830
15827 15828
15830 15831
15839 15840
15840 15845
15841 15842
15841 15844
15842 15843
15842 15846
15843 15844
15843 15847
15843 15849
15843 16200
15843 16201
15843 16204
15846 15847
15847 16203
15849 15850
15850 16204
16132 16133
16132 16135
16133 16134
16134 16135
16134 16136
16134 16140
16134 16158
16134 16159
16136 16137
16136 16138
16136 16139
16137 16158
16138 16152
16139 16140
16139 16150
16139 16151
16139 16152
16139 16155
16140 16141
16140 16142
16141 16159
16142 16155
16143 16144
16143 16146
16143 16147
16143 16149
16144 16145
16144 16197
16145 16146
16145 16168
16145 16169
16145 16183
16145 16189
16145 16198
16145 16211
16146 16210
16147 16148
16147 16154
16147 16210
16147 16212
16148 16149
16148 16150
16148 16151
16149 16157
16149 16197
16149 16199
16150 16157
16151 16154
16152 16153
16152 16154
16153 16217
16154 16214
16154 16217
16155 16156
16155 16157
16156 16204
16157 16201
16157 16204
16167 16168
16167 16169
16168 16188
16169 16182
16182 16183
16183 16215
16188 16189
16189 16202
16197 16198
16198 16202
16199 16200
16199 16201
16200 16203
16210 16211
16211 16215
16212 16213
16212 16214
16213 16216
16332 16333
16332 16335
16333 16334
16334 16335
16334 16336
16334 16340
16334 16358
16334 16359
16336 16337
16336 16338
16336 16339
16337 16358
16338 16352
16339 16340
16339 16350
16339 16351
16339 16352
16339 16355
16340 16341
16340 16342
16341 16359
16342 16355
16343 16344
16343 16346
16343 16347
16343 16349
16344 16345
16345 16346
16345 16368
16345 16369
16345 16383
16347 16348
16347 16354
16348 16349
16348 16350
16348 16351
16349 16357
16350 16357
16351 16354
16352 16353
16352 16354
16355 16356
16355 16357
16367 16368
16367 16369
16369 16382
16382 16383
