18404 18402
18404 18519
16573 16575
16573 16577
16573 16581
16573 16582
17317 17319
17317 17321
17317 17324
17317 17327
16500 16498
16500 16619
18476 18478
18476 18480
18476 18484
18476 18485
16584 16582
16584 17327
16503 16501
16503 16581
17326 17324
17326 18835
18512 18514
18512 18516
18512 18519
18512 18520
18407 18405
18407 18484
16484 16481
16484 16485
16484 16498
16484 16501
16622 16620
16622 18520
18828 18830
18828 18832
18828 18835
18828 18836
18389 18386
18389 18390
18389 18402
18389 18405
18487 18485
18487 18836
16611 16613
16611 16615
16611 16619
16611 16620
