523 446
523 451
523 524
523 526
524 447
524 679
525 451
525 526
525 527
525 529
526 539
526 679
526 682
527 528
527 539
528 529
529 459
3858 3782
3858 3786
3858 3859
3858 3861
3859 447
3859 3996
3860 3786
3860 3861
3860 3862
3860 3864
3861 3874
3861 3996
3861 3997
3862 3863
3862 3874
3863 3864
3864 3794
539 683
3996 680
3996 681
3997 681
3997 3998
3997 4000
3998 3874
3998 3999
3999 4000
4000 693
3898 577
3898 3897
3898 3899
3900 3791
3900 3897
3900 3899
679 680
679 681
680 447
681 682
681 693
682 683
682 685
683 684
684 685
685 693
561 448
561 449
561 562
561 564
562 447
562 3896
563 449
563 564
563 565
563 567
564 577
564 3896
564 3897
566 565
566 567
565 577
3896 3783
3896 3784
3897 3784
440 452
440 453
567 456
445 446
445 448
445 449
445 451
446 447
447 448
447 3782
447 3783
3776 3787
3776 3788
450 449
450 451
450 452
450 453
449 456
3781 3782
3781 3783
3781 3784
3781 3786
456 453
3785 3784
3785 3786
3785 3787
3785 3788
3784 3791
459 451
459 452
3788 3791
3786 3794
3787 3794
