10338 10336
10338 10415
7047 7044
7047 7048
7047 7061
7047 7064
7135 7137
7135 7139
7135 7143
7135 7144
7178 7176
7178 10451
10543 10545
10543 10547
10543 10550
10543 10551
7066 7064
7066 7143
7063 7061
7063 7175
7146 7144
7146 7295
10320 10317
10320 10321
10320 10333
10320 10336
10418 10416
10418 10551
7167 7169
7167 7171
7167 7175
7167 7176
10335 10333
10335 10450
7285 7287
7285 7289
7285 7292
7285 7295
10407 10409
10407 10411
10407 10415
10407 10416
7294 7292
7294 10550
10443 10445
10443 10447
10443 10450
10443 10451
