23338 23336
23338 23806
23883 23885
23883 23889
23883 23907
23883 23910
23914 23916
23914 23918
23914 23921
23914 23922
23089 23087
23089 23794
23215 23217
23215 23221
23215 23240
23215 23243
23909 23907
23909 23921
23092 23090
23092 23910
23300 23298
23300 23922
23798 23800
23798 23802
23798 23805
23798 23806
23242 23240
23242 23335
23062 23064
23062 23069
23062 23087
23062 23090
23793 23791
23793 23805
23289 23291
23289 23293
23289 23297
23289 23298
23327 23329
23327 23331
23327 23335
23327 23336
23245 23243
23245 23297
23767 23769
23767 23773
23767 23791
23767 23794
