21003 20972
21003 20977
21003 21326
21006 20974
21006 20975
21006 21195
17935 17711
17935 17716
17935 17936
17935 17937
17936 17712
17936 21193
17937 17938
17937 17967
17937 21193
17937 21194
17938 17716
17938 17939
17938 17941
17939 17748
17939 17940
17940 17941
17941 17967
21195 21194
21195 21196
21197 17967
21197 21194
21197 21196
18121 18119
18121 18122
18121 18133
18085 17713
18085 17714
18085 18086
18085 18087
18086 17712
18086 18117
18087 18088
18087 18115
18087 18117
18087 18119
18088 17714
18088 18089
18088 18091
18089 17745
18089 18090
18090 18091
18091 18115
17710 17711
17710 17713
17710 17714
17710 17716
17711 17712
17712 17713
17712 18118
17712 20970
17712 20971
17712 21323
17715 17714
17715 17716
17715 17717
17715 17719
17714 17745
18123 18115
18123 18119
18123 18122
17718 17717
17718 17719
17719 17745
17716 17748
17717 17748
18117 18118
18117 18120
18118 21354
18119 18120
18120 18133
18120 21354
18120 21355
21193 20970
21193 20974
21322 20971
21322 20972
21322 21323
21322 21324
21323 21354
21325 20972
21325 21324
21325 21326
21325 21328
21194 20974
21327 21326
21327 21328
21324 21352
21324 21354
21324 21355
21328 21352
18133 21356
21352 21358
20969 20970
20969 20971
20969 20972
20969 20974
21355 21356
21355 21358
21357 21356
21357 21358
20973 20972
20973 20974
20973 20975
20973 20977
20976 20975
20976 20977
