3616
3614
7513
4241
6887
4963
7297
4009
8205
3617
7514
3615
6888
4242
6889
4010
4964
4244
6921
4246
4965
4968
3649
7516
7518
4273
3652
4996
7298
7300
3619
6924
3622
4041
8206
8208
6891
6894
7545
4012
4014
4243
7299
4247
4966
4967
3623
6892
7517
4969
4245
8207
4011
7301
3620
6893
3621
4015
7515
8209
6890
6895
7519
3618
4013
8284
8286
7604
8289
8290
7611
4313
4315
7521
3664
7524
4319
7526
4318
7527
3671
7528
7530
7523
7533
4328
7538
7539
4332
7541
4334
7542
4335
6923
4330
4339
7376
7554
7378
4100
7381
7382
4107
7363
7570
7365
7368
7369
7576
4022
4023
4020
4017
4019
4024
4026
4029
4037
4038
4034
4035
3648
4971
4972
4973
4975
4977
4978
4980
4050
4983
4988
4989
4991
4992
4995
4072
4066
7585
5004
7587
6936
7590
7591
6943
7600
5019
7602
7606
7607
5025
6897
6899
6900
6902
6904
6905
6864
6909
6914
6915
6917
6918
6920
4096
6862
4098
4102
4103
4081
4083
6878
3683
4086
4087
6884
3690
5036
5038
5040
5042
5043
5047
5053
5055
5058
5059
3625
3627
3628
3630
3632
3633
3591
3637
3642
3643
3645
3646
8211
8212
8213
3589
8216
8215
8217
8219
8222
8227
8228
8230
3605
8231
7544
3611
6932
8241
6934
6938
6939
4249
4251
4252
6951
6953
4254
4255
4256
8256
4258
6957
6955
4261
8262
6958
6962
4266
4267
4269
4270
4272
3651
4282
7307
7308
7305
7303
7304
7309
7311
7314
4298
7322
7323
4304
7319
7320
4040
3660
3662
3666
3667
7333
3679
3681
3685
3686
7354
8271
7348
8273
8276
8277
8285
8287
8288
8257
7608
8291
4262
4316
7520
4317
7525
3668
6903
4314
7540
3670
7529
7531
7537
7532
4329
7610
7536
4333
7592
4299
7535
4336
7546
4331
4338
7313
7555
7379
7380
7377
4104
4106
7364
7556
7367
7355
7366
7577
4042
3626
4021
4039
4016
4027
4025
4030
4036
4031
4033
4032
3647
4970
4987
4974
4976
4990
4979
4981
4052
4982
5060
4986
5046
4985
4994
4051
4067
7534
5005
7588
7589
7586
6940
6942
7601
5006
7605
7571
7603
5026
6919
6898
6896
6922
6901
6906
6907
6908
6913
6912
6916
6911
7325
4028
6863
4101
4097
4099
4082
4084
6865
4085
4073
3687
6885
4088
4984
5039
5041
5037
5044
8278
5054
5057
5020
5056
3624
3641
3639
3650
3629
3634
3635
3636
3689
3640
3631
3644
8232
7522
8210
3590
8214
8233
8218
8220
8221
8226
8225
8229
3592
8224
7543
3612
6910
8242
6937
6933
6935
4271
4250
4248
6952
6954
4253
4268
4257
8243
4259
6879
6956
4260
8263
6959
6961
4265
4264
4320
4263
4993
4274
4283
7306
7321
7302
4018
7318
7312
7310
7315
4284
7370
7316
4305
7383
7317
7324
3638
3665
3661
3663
7335
3680
3684
3606
3682
7334
8223
7349
8275
8272
8274
