16431 16432
16431 16434
16431 16435
16431 16437
16432 16433
16432 17639
16433 16434
16433 17640
16433 17820
16433 18344
16433 18523
16433 19048
16433 19049
16434 18343
16435 16436
16435 16467
16435 18343
16435 18345
16436 16437
16436 16438
16436 16440
16437 16470
16437 17639
16437 17641
16438 16439
16438 16470
16439 16440
16439 16441
16439 16446
16439 16465
16439 16468
16440 16467
16441 16442
16441 16444
16441 16445
16442 16443
16442 16465
16443 16444
16443 16460
16443 16466
16443 16624
16443 18351
16443 18352
16443 18368
16444 16459
16445 16446
16445 16457
16445 16458
16445 16459
16445 16462
16446 16447
16446 16449
16447 16448
16447 16468
16448 16449
16448 16463
16448 16469
16448 16605
16448 17647
16448 17648
16448 17664
18497 18359
18497 18364
18497 18498
16449 16462
18499 18364
18499 18500
18499 18502
16450 16451
16450 16453
16450 16454
16450 16456
18501 18500
18501 18502
18501 18505
18501 18507
18501 18597
18501 18598
18501 18601
16452 16451
16452 16453
16452 16482
16452 16483
16452 16499
16452 16505
16452 16595
16452 16614
18503 18409
18503 18498
18504 18500
18504 18505
16455 16454
16455 16456
16455 16457
16455 16458
18498 18360
18508 18356
18508 18507
18508 18601
16460 16459
16460 16623
16461 16454
16461 16458
16461 16459
16461 16618
16461 16623
16463 16462
16463 16604
16464 16456
16464 16457
16464 16462
16464 16599
16464 16604
18505 18600
16466 16465
16466 18373
16467 16465
16467 18349
16467 18373
18514 18361
18514 18362
18514 18515
16469 16468
16469 17669
16470 16468
16470 17645
16470 17669
18516 18362
18516 18517
18516 18518
18519 18403
18519 18515
18520 16621
18520 18517
18522 18344
18522 18346
18522 18523
18522 18524
18523 19403
18524 18525
18524 18554
18524 19403
18524 19404
18525 18346
18525 18526
18525 18528
18526 18376
18526 18527
18527 18528
18527 18529
18527 18534
18527 18552
18527 18555
18528 18554
18529 18530
18529 18532
18529 18533
16481 16482
16481 16483
18531 18530
18531 18532
18531 18547
18531 18553
18531 18620
18531 19409
18531 19410
18531 19425
18530 18552
18532 18546
18533 18534
18533 18544
18533 18545
18533 18546
18533 18549
18535 18356
18535 18534
18535 18555
18536 18356
18536 18534
18536 18549
18537 18538
18537 18540
18537 18541
18537 18543
18539 18538
18539 18540
18539 18564
18539 18565
18539 18580
18539 18586
18539 18595
18539 18610
18538 18594
18540 18609
18542 18541
18542 18543
18542 18544
18542 18545
18543 18551
18543 18594
18543 18596
18544 18551
18545 18548
16498 16483
16498 16499
18547 18546
18547 18619
18548 18541
18548 18546
18548 18614
18548 18619
18550 18356
18550 18549
18550 18601
18551 18549
18551 18598
18551 18601
16504 16482
16504 16505
18553 18552
18553 19430
18554 18552
18554 19407
18554 19430
16505 16600
18555 18375
18555 18376
18563 18564
18563 18565
18564 18585
18565 18579
18579 18580
18580 18615
18585 18586
18586 18599
18594 18595
18595 18599
18596 18597
18596 18598
18597 18600
18609 18541
18609 18610
18610 18615
18611 18541
18611 18612
18611 18614
18612 18613
18612 18616
18613 18614
18613 18617
18613 18619
18613 19485
18613 19486
18613 19489
18616 18617
18617 19488
18619 18620
18620 19489
16594 16451
16594 16456
16594 16595
16595 16600
16596 16456
16596 16597
16596 16599
16597 16598
16597 16601
16598 16599
16598 16602
16598 16604
16598 17814
16598 17815
16598 17818
16601 16602
16602 17817
16604 16605
16605 17818
16613 16453
16613 16454
16613 16614
16614 16619
16615 16454
16615 16616
16615 16618
16616 16617
16616 16620
16617 16618
16617 16621
16617 16623
16617 18517
16617 18518
16617 18521
16619 16499
16620 16621
16623 16624
16624 18521
19022 19023
19022 19025
19023 19024
19023 19044
19024 19025
19024 19039
19024 19045
19024 19066
19024 19067
19024 19093
19024 19112
19025 19038
19038 19039
19039 19117
19044 19045
19045 19098
19047 19048
19047 19049
19047 19050
19047 19052
19048 19603
19049 19403
19050 19051
19050 19081
19050 19403
19050 19404
19051 19052
19051 19053
19051 19055
19052 19084
19052 19603
19052 19604
19053 19054
19053 19084
19054 19055
19054 19056
19054 19061
19054 19079
19054 19082
19055 19081
19056 19057
19056 19059
19056 19060
19057 19058
19057 19079
19058 19059
19058 19074
19058 19080
19058 19122
19058 19413
19058 19414
19058 19428
19059 19073
19060 19061
19060 19071
19060 19072
19060 19073
19060 19076
19061 19062
19061 19064
19062 19063
19062 19082
19063 19064
19063 19077
19063 19083
19063 19103
19063 19613
19063 19614
19063 19628
19064 19076
19065 19066
19065 19067
19065 19068
19065 19070
19066 19092
19067 19111
19068 19069
19068 19075
19068 19111
19068 19113
19069 19070
19069 19071
19069 19072
19070 19078
19070 19092
19070 19094
19071 19078
19072 19075
19073 19074
19073 19075
19074 19121
19075 19116
19075 19121
19076 19077
19076 19078
19077 19102
19078 19097
19078 19102
19079 19080
19079 19081
19080 19431
19081 19405
19081 19431
19082 19083
19082 19084
19083 19631
19084 19605
19084 19631
19092 19093
19093 19098
19094 19095
19094 19097
19095 19096
19095 19099
19096 19097
19096 19100
19096 19102
19096 19672
19096 19673
19096 19676
19099 19100
19100 19675
19102 19103
19103 19676
19111 19112
19112 19117
19113 19114
19113 19116
19114 19115
19114 19118
19115 19116
19115 19119
19115 19121
19115 19472
19115 19473
19115 19476
19118 19119
19119 19475
19121 19122
19122 19476
19689 17910
19689 17917
19689 19625
19689 19626
17661 17649
17661 17659
17661 17668
18502 18372
18507 18371
18507 18372
19404 19405
19404 19407
19405 19406
19406 19407
19406 19408
19406 19412
19406 19430
19406 19431
19408 19409
19408 19410
19408 19411
19409 19430
19410 19424
19411 19412
19411 19422
19411 19423
19411 19424
19411 19427
19412 19413
19412 19414
19413 19431
19414 19427
19415 19416
19415 19418
19415 19419
19415 19421
19416 19417
19416 19469
19417 19418
19417 19440
19417 19441
19417 19455
19417 19461
19417 19470
19417 19483
19418 19482
19419 19420
19419 19426
19419 19482
19419 19484
19420 19421
19420 19422
19420 19423
19421 19429
19421 19469
19421 19471
19422 19429
19423 19426
19424 19425
19424 19426
19425 19489
19426 19486
19426 19489
19427 19428
19427 19429
19428 19476
19429 19473
19429 19476
18515 18360
19439 19440
19439 19441
19440 19460
19441 19454
18518 18369
19454 19455
19455 19487
18521 18368
18521 18369
19460 19461
19461 19474
19469 19470
19470 19474
19471 19472
19471 19473
19472 19475
19482 19483
19483 19487
19484 19485
19484 19486
19485 19488
19603 17820
19603 17821
19604 17821
19604 19605
19604 19607
19605 19606
19606 19607
19606 19608
19606 19612
19606 19630
19606 19631
19607 17851
19608 19609
19608 19610
19608 19611
19609 17828
19609 19630
19610 17828
19610 19624
19611 19612
19611 19622
19611 19623
19611 19624
19611 19627
19612 19613
19612 19614
19613 19631
19614 19627
19615 19616
19615 19618
19615 19619
19615 19621
19616 19617
19616 19669
19617 19618
19617 19640
19617 19641
19617 19655
19617 19661
19617 19670
19617 19683
19618 19682
19619 19620
19619 19626
19619 19682
19619 19684
19620 19621
19620 19622
19620 19623
19621 19629
19621 19669
19621 19671
19622 19629
19623 19626
19624 19625
19624 19626
19625 17828
19626 19686
19627 19628
19627 19629
19628 19676
19629 19673
19629 19676
19630 17850
19630 17851
19639 19640
19639 19641
19640 19660
19641 19654
19654 19655
19655 19687
19660 19661
19661 19674
19669 19670
19670 19674
19671 19672
19671 19673
19672 19675
19682 19683
19683 19687
19684 19685
19684 19686
19685 17910
19685 19688
19686 17910
17639 17640
17639 17642
17640 17819
17641 17642
17641 17643
17641 17645
17642 17672
17642 17819
17642 17822
17643 17644
17643 17672
17644 17645
17644 17646
17644 17650
17644 17669
17644 17670
19688 17914
17647 17646
17647 17669
17648 17646
17648 17663
17649 17646
17649 17650
17649 17662
17649 17663
17649 17666
17651 17650
17651 17652
17651 17670
17652 17653
17652 17667
17652 17671
17652 17805
17652 17832
17652 17833
17652 17847
17653 17650
17653 17666
17654 17655
17654 17657
17654 17658
17654 17660
17656 17655
17656 17657
17656 17683
17656 17684
17656 17699
17656 17705
17656 17795
17656 17812
17655 17794
17659 17658
17659 17660
17659 17662
17660 17668
17660 17794
17660 17796
17657 17811
17658 17665
17658 17811
17658 17813
17663 17664
17663 17665
17664 17818
17665 17662
17665 17815
17665 17818
17666 17667
17666 17668
17667 17804
17668 17799
17668 17804
17671 17670
17671 17852
17672 17670
17672 17823
17672 17852
17682 17683
17682 17684
17683 17704
17684 17698
17698 17699
17699 17816
17704 17705
17705 17800
17794 17795
17795 17800
17796 17797
17796 17799
17797 17798
17797 17801
17798 17799
17798 17802
17798 17804
17798 17894
17798 17895
17798 17898
17801 17802
17802 17897
17804 17805
17805 17898
17811 17812
17812 17816
17813 17814
17813 17815
17814 17817
17819 17820
17819 17821
17821 17822
17821 17851
17822 17823
17822 17825
17823 17824
17824 17825
17824 17826
17824 17831
17824 17849
17824 17852
17825 17851
17826 17827
17826 17829
17826 17830
17827 17828
17827 17849
17828 17829
17828 17844
17828 17850
17828 17917
17829 17843
17830 17831
17830 17841
17830 17842
17830 17843
17830 17846
17831 17832
17831 17833
17832 17852
17833 17846
17834 17835
17834 17837
17834 17838
17834 17840
17835 17836
17835 17891
17836 17837
17836 17861
17836 17862
17836 17877
17836 17883
17836 17892
17836 17907
17837 17906
17838 17839
17838 17845
17838 17906
17838 17908
17839 17840
17839 17841
17839 17842
17840 17848
17840 17891
17840 17893
17841 17848
17842 17845
17843 17844
17843 17845
17844 17916
17845 17911
17845 17916
17846 17847
17846 17848
17847 17898
17848 17895
17848 17898
17849 17850
17849 17851
17860 17861
17860 17862
17861 17882
17862 17876
17876 17877
17877 17912
17882 17883
17883 17896
17891 17892
17892 17896
17893 17894
17893 17895
17894 17897
17906 17907
17907 17912
17908 17909
17908 17911
17909 17910
17909 17913
17910 17911
17910 17914
17910 17916
17913 17914
17916 17917
18343 18344
18343 18346
18345 18346
18345 18347
18345 18349
18346 18376
18347 18348
18347 18376
18348 18349
18348 18350
18348 18354
18348 18373
18348 18374
18350 18351
18350 18352
18350 18353
18351 18373
18352 18367
18353 18354
18353 18365
18353 18366
18353 18367
18353 18370
18354 18355
18354 18357
18355 18356
18355 18374
18356 18357
18356 18371
18356 18375
18357 18370
18358 18359
18358 18361
18358 18362
18358 18364
18359 18360
18360 18361
18360 18387
18360 18388
18360 18403
18360 18409
18362 18363
18362 18369
18363 18364
18363 18365
18363 18366
18364 18372
18365 18372
18366 18369
18367 18368
18367 18369
18370 18371
18370 18372
18374 18375
18374 18376
18386 18387
18386 18388
18387 18408
18388 18402
18402 18403
18408 18409
