0 1
0 3
0 4
0 6
1 2
1 1238
2 3
2 1239
2 1419
2 1956
2 2136
2 2688
2 2689
3 1955
4 5
4 36
4 1955
4 1957
5 6
5 7
5 9
6 39
6 1238
6 1240
7 8
7 39
8 9
8 10
8 15
8 34
8 37
9 36
10 11
10 13
10 14
11 12
11 34
12 13
12 29
12 35
12 193
12 1963
12 1964
12 1980
13 28
14 15
14 26
14 27
14 28
14 31
15 16
15 18
16 17
16 37
17 18
17 32
17 38
17 174
17 1246
17 1247
17 1263
18 31
19 20
19 22
19 23
19 25
20 21
20 163
21 22
21 51
21 52
21 68
21 74
21 164
21 183
22 182
23 24
23 30
23 182
23 184
24 25
24 26
24 27
25 33
25 163
25 165
26 33
27 30
28 29
28 30
29 192
30 187
30 192
31 32
31 33
32 173
33 168
33 173
34 35
34 36
35 1985
36 1961
36 1985
37 38
37 39
38 1268
39 1244
39 1268
50 51
50 52
51 73
52 67
2110 1971
2110 1976
2110 2111
2111 1972
2111 2116
2112 1976
2112 2113
2112 2115
2113 2114
2113 2117
2114 2115
2114 2118
2114 2120
2114 2210
2114 2211
2114 2214
67 68
2116 2021
2117 2118
2118 2213
2115 1984
2120 1983
2120 1984
2120 2121
2121 1968
2121 2214
73 74
68 188
74 169
2127 1973
2127 1974
2127 2128
2128 1972
2128 2132
2129 1974
2129 2130
2129 2131
2130 186
2130 2133
2131 186
2131 1981
2132 2015
2133 190
2134 186
2134 193
2134 1980
2134 1981
2135 1956
2135 1958
2135 2136
2135 2137
2136 3043
2137 2138
2137 2167
2137 3043
2137 3044
2138 1958
2138 2139
2138 2141
2139 1988
2139 2140
2140 2141
2140 2142
2140 2147
2140 2165
2140 2168
2141 2167
2142 2143
2142 2145
2142 2146
2143 2144
2143 2165
2144 2145
2144 2160
2144 2166
2144 2233
2144 3049
2144 3050
2144 3065
2145 2159
2146 2147
2146 2157
2146 2158
2146 2159
2146 2162
2147 2148
2147 2149
2148 1968
2148 2168
2149 1968
2149 2162
2150 2151
2150 2153
2150 2154
2150 2156
2151 2152
2151 2207
2152 2153
2152 2177
2152 2178
2152 2193
2152 2199
2152 2208
2152 2223
2153 2222
2154 2155
2154 2161
2154 2222
2154 2224
2155 2156
2155 2157
2155 2158
2156 2164
2156 2207
2156 2209
2157 2164
2158 2161
2159 2160
2159 2161
2160 2232
2161 2227
2161 2232
2162 2163
2162 2164
2163 1968
2163 2214
2164 2211
2164 2214
2165 2166
2165 2167
2166 3070
2167 3047
2167 3070
2168 1987
2168 1988
2176 2177
2176 2178
2177 2198
2178 2192
2192 2193
2193 2228
2198 2199
2199 2212
2207 2208
2208 2212
2209 2210
2209 2211
2210 2213
163 164
165 166
165 168
167 166
167 168
167 171
167 173
167 1413
167 1414
167 1417
169 164
170 166
170 171
2222 2223
174 173
174 1417
2224 2225
2224 2227
2226 2225
2226 2227
2226 2230
2226 2232
2226 3125
2226 3126
2226 3129
171 1416
2228 2223
2229 2225
2229 2230
182 183
2230 3128
184 185
184 187
2233 2232
2233 3129
186 185
186 187
186 190
186 192
188 183
189 185
189 190
192 193
3295 3257
3295 3294
3295 3327
1260 1248
1260 1258
1260 1267
1261 1248
1261 1258
1261 1264
1265 1248
1265 1252
1265 1266
1265 1267
3310 3257
3310 3309
3310 3314
3312 2736
3312 3311
3312 3315
3313 2736
3313 3269
3313 3311
2662 2663
2662 2665
2663 2664
2663 2684
2664 2665
2664 2679
2664 2685
2664 2706
2664 2707
2664 2733
2664 2752
2665 2678
2678 2679
2679 2757
2684 2685
2685 2738
2687 2688
2687 2689
2687 2690
2687 2692
2688 3243
2689 3043
2690 2691
2690 2721
2690 3043
2690 3044
2691 2692
2691 2693
2691 2695
2692 2724
2692 3243
2692 3244
2693 2694
2693 2724
2694 2695
2694 2696
2694 2701
2694 2719
2694 2722
2695 2721
2696 2697
2696 2699
2696 2700
2697 2698
2697 2719
2698 2699
2698 2714
2698 2720
2698 2762
2698 3053
2698 3054
2698 3068
2699 2713
2700 2701
2700 2711
2700 2712
2700 2713
2700 2716
2701 2702
2701 2704
2702 2703
2702 2722
2703 2704
2703 2717
2703 2723
2703 2743
2703 3253
2703 3254
2703 3268
2704 2716
2705 2706
2705 2707
2705 2708
2705 2710
2706 2732
2707 2751
2708 2709
2708 2715
2708 2751
2708 2753
2709 2710
2709 2711
2709 2712
2710 2718
2710 2732
2710 2734
2711 2718
2712 2715
2713 2714
2713 2715
2714 2761
2715 2756
2715 2761
2716 2717
2716 2718
2717 2742
2718 2737
2718 2742
2719 2720
2719 2721
2720 3071
2721 3045
2721 3071
2722 2723
2722 2724
2723 3271
2724 3245
2724 3271
2732 2733
2733 2738
2734 2735
2734 2737
2735 2736
2735 2739
2736 2737
2736 2740
2736 2742
2736 3316
2739 2740
2740 3315
2742 2743
2743 3316
2751 2752
2752 2757
2753 2754
2753 2756
2754 2755
2754 2758
2755 2756
2755 2759
2755 2761
2755 3112
2755 3113
2755 3116
2758 2759
2759 3115
2761 2762
2762 3116
1256 1253
1256 1255
1256 1410
1257 1253
1257 1258
1257 1264
1257 1410
1257 1412
3044 3045
3044 3047
3045 3046
3046 3047
3046 3048
3046 3052
3046 3070
3046 3071
3048 3049
3048 3050
3048 3051
3049 3070
3050 3064
3051 3052
3051 3062
3051 3063
3051 3064
3051 3067
3052 3053
3052 3054
3053 3071
3054 3067
3055 3056
3055 3058
3055 3059
3055 3061
3056 3057
3056 3109
3057 3058
3057 3080
3057 3081
3057 3095
3057 3101
3057 3110
3057 3123
3058 3122
3059 3060
3059 3066
3059 3122
3059 3124
3060 3061
3060 3062
3060 3063
3061 3069
3061 3109
3061 3111
3062 3069
3063 3066
3064 3065
3064 3066
3065 3129
3066 3126
3066 3129
3067 3068
3067 3069
3068 3116
3069 3113
3069 3116
3079 3080
3079 3081
3080 3100
3081 3094
3094 3095
3095 3127
3100 3101
3101 3114
3109 3110
3110 3114
3111 3112
3111 3113
3112 3115
3122 3123
3123 3127
3124 3125
3124 3126
3125 3128
3243 1419
3243 1420
3244 1420
3244 3245
3244 3247
3245 3246
3246 3247
3246 3248
3246 3252
3246 3270
3246 3271
3247 1450
3248 3249
3248 3250
3248 3251
3249 1427
3249 3270
3250 1427
3250 3264
3251 3252
3251 3262
3251 3263
3251 3264
3251 3267
3252 3253
3252 3254
3253 3271
3254 3267
3255 3256
3255 3258
3255 3259
3255 3261
3256 3257
3256 3309
3257 3258
3257 3280
3257 3281
3257 3301
3257 3323
3258 3322
3259 3260
3259 3266
3259 3322
3259 3324
3260 3261
3260 3262
3260 3263
3261 3269
3261 3309
3261 3311
3262 3269
3263 3266
3264 3265
3264 3266
3265 1427
3265 3329
3266 3326
3266 3329
3267 3268
3267 3269
3268 3316
3269 3316
3270 1449
3270 1450
3279 3280
3279 3281
3280 3300
3281 3294
1238 1239
1238 1241
1239 1418
1240 1241
1240 1242
1240 1244
1241 1271
1241 1418
1241 1421
1242 1243
1242 1271
1243 1244
1243 1245
1243 1249
1243 1268
1243 1269
1245 1246
1245 1247
1245 1248
1246 1268
1247 1262
1248 1249
1248 1262
1250 1249
1250 1251
1250 1269
1249 1252
3300 3301
1252 1251
1253 1254
1253 1259
1255 1254
1255 1282
1255 1283
1255 1298
1255 1304
1255 1394
1255 1411
3301 3314
1251 1266
1251 1270
1251 1404
1251 1431
1251 1432
1251 1446
1258 1259
1259 1267
1259 1393
1259 1395
1254 1393
1262 1263
1262 1264
1263 1417
1264 1414
1264 1417
1266 1403
1267 1398
1267 1403
1270 1269
1270 1451
1271 1269
1271 1422
1271 1451
3322 3323
3324 3325
3324 3326
3323 3327
3326 1509
3328 1513
3328 3325
1281 1282
1281 1283
3329 1509
3329 1516
1282 1303
3325 1509
1283 1297
1297 1298
1298 1415
1303 1304
1304 1399
1393 1394
1394 1399
1395 1396
1395 1398
1396 1397
1396 1400
1397 1398
1397 1401
1397 1403
1397 1493
1397 1494
1397 1497
1400 1401
1401 1496
1403 1404
1404 1497
1410 1411
1411 1415
1412 1413
1412 1414
1413 1416
1418 1419
1418 1420
1420 1421
1420 1450
1421 1422
1421 1424
1422 1423
1423 1424
1423 1425
1423 1430
1423 1448
1423 1451
1424 1450
1425 1426
1425 1428
1425 1429
1426 1427
1426 1448
1427 1428
1427 1443
1427 1449
1427 1516
1428 1442
1429 1430
1429 1440
1429 1441
1429 1442
1429 1445
1430 1431
1430 1432
1431 1451
1432 1445
1433 1434
1433 1436
1433 1437
1433 1439
1434 1435
1434 1490
1435 1436
1435 1460
1435 1461
1435 1476
1435 1482
1435 1491
1435 1506
1436 1505
1437 1438
1437 1444
1437 1505
1437 1507
1438 1439
1438 1440
1438 1441
1439 1447
1439 1490
1439 1492
1440 1447
1441 1444
1442 1443
1442 1444
1443 1515
1444 1510
1444 1515
1445 1446
1445 1447
1446 1497
1447 1494
1447 1497
1448 1449
1448 1450
1459 1460
1459 1461
1460 1481
1461 1475
1475 1476
1476 1511
1481 1482
1482 1495
1490 1491
1491 1495
1492 1493
1492 1494
1493 1496
1505 1506
1506 1511
1507 1508
1507 1510
1508 1509
1508 1512
1509 1510
1509 1513
1509 1515
1512 1513
1515 1516
1955 1956
1955 1958
1957 1958
1957 1959
1957 1961
1958 1988
1959 1960
1959 1988
1960 1961
1960 1962
1960 1966
1960 1985
1960 1986
1962 1963
1962 1964
1962 1965
1963 1985
1964 1979
1965 1966
1965 1977
1965 1978
1965 1979
1965 1982
1966 1967
1966 1969
1967 1968
1967 1986
1968 1969
1968 1983
1968 1987
1969 1982
1970 1971
1970 1973
1970 1974
1970 1976
1971 1972
1972 1973
1972 1999
1972 2000
1972 2015
1972 2021
1974 1975
1974 1981
1975 1976
1975 1977
1975 1978
1976 1984
1977 1984
1978 1981
1979 1980
1979 1981
1982 1983
1982 1984
1986 1987
1986 1988
1998 1999
1998 2000
1999 2020
2000 2014
2014 2015
2020 2021
