2
3243
1955
2687
0
3043
1238
1418
2135
1419
1956
2688
3
2689
1
1239
2136
2691
39
2694
3044
3046
1450
1957
1960
2721
2724
2167
1240
1243
3244
36
3246
1271
2138
2140
5
8
1988
1421
1423
2690
1244
2695
2137
3047
3247
4
1961
3045
2693
2141
1241
1242
2692
9
3245
1422
1958
2139
6
7
1959
1420
1424
2207
2209
2114
2212
2213
2121
2732
2734
1967
2736
1965
2739
1963
2738
1964
2743
1970
1972
1969
1975
2751
1983
1984
2755
1980
2757
1981
2758
35
2753
2762
1393
1998
1395
1397
1399
1400
1404
1410
2020
1412
1415
1416
2014
1426
1428
1429
1431
1432
1433
1435
1438
1443
1444
1446
1447
1449
3053
3054
3051
3049
3050
3055
3057
1459
3060
3068
3069
3065
3066
2166
1475
1481
2127
3079
2129
186
2132
2133
193
2110
3100
2112
2116
2117
3094
16
18
14
11
13
19
21
24
32
33
29
30
38
1490
50
1492
1495
1496
1505
1507
73
1509
1511
1512
67
1516
3122
3124
2226
3127
3128
2233
3109
3111
3114
3115
3249
3250
3251
3253
3254
3255
3257
3260
3265
3266
3268
3269
2148
2149
2146
3279
2145
2143
2150
2152
2155
2163
2164
2160
3294
2161
1987
3300
182
2176
184
188
189
2697
2699
2700
163
165
2702
2704
2705
2198
2664
169
167
2709
2192
170
174
2714
2715
2717
2718
2720
2723
2662
1246
1247
1248
1250
1252
1253
1255
1258
2678
1263
1264
2684
1266
1267
1270
3309
3311
3314
3315
1281
3322
3324
3327
3328
1297
2222
1303
2224
2228
2229
2208
2210
2211
2199
2118
2214
2710
2735
1966
2737
1962
2740
12
2733
1979
3316
1973
1971
1982
1976
2752
2120
1977
2756
2134
2679
1978
2759
1985
2754
2761
1259
2000
1396
1398
1394
1401
1497
1411
1999
1414
1298
1413
2015
1448
1427
1425
1451
1430
1434
1436
1437
1442
1441
1445
1440
3270
3052
3067
3048
2144
3064
3058
3056
1460
3061
3116
3062
3129
3063
3070
1461
1482
1974
3081
2130
2131
2128
190
192
2111
3080
2115
2021
2113
3095
37
17
15
34
10
22
20
25
31
26
28
27
1268
1439
52
1494
1491
1493
1506
1508
51
1510
1476
1513
68
1515
3059
3125
3126
3123
2230
2232
3110
3113
3101
3112
3248
3264
3262
3271
3252
3256
3258
3259
3329
3263
2703
3267
2168
1968
2147
3280
2142
2165
2153
2151
2156
2162
2157
2159
3281
2158
1986
3301
23
2178
187
183
185
2719
2698
2696
164
166
2701
2716
2706
2177
2707
74
168
2708
2193
171
173
2713
2712
2742
2711
3071
2722
2663
1245
1262
1249
1251
1265
1254
1256
1257
2665
1417
1261
2685
1403
1260
1269
3261
3313
3310
3312
1282
3323
3326
3295
3325
1283
2154
1304
2227
2223
2225
