20962 20960
20962 21039
19751 19753
19751 19757
19751 19776
19751 19779
19826 19828
19826 19830
19826 19834
19826 19835
19875 19873
19875 21075
21383 21385
21383 21387
21383 21390
21383 21391
19781 19779
19781 19834
19778 19776
19778 19872
19837 19835
19837 20715
20944 20941
20944 20945
20944 20957
20944 20960
21042 21040
21042 21391
19864 19866
19864 19868
19864 19872
19864 19873
20959 20957
20959 21074
20705 20707
20705 20709
20705 20712
20705 20715
21031 21033
21031 21035
21031 21039
21031 21040
20714 20712
20714 21390
21067 21069
21067 21071
21067 21074
21067 21075
