11904 11902
11904 12254
8950 8952
8950 8956
8950 8973
8950 8976
8578 8580
8578 8585
8578 8603
8578 8606
8993 8991
8993 12266
12097 12099
12097 12103
12097 12121
12097 12122
8605 8603
8605 8976
8975 8973
8975 8990
8608 8606
8608 8828
12228 12230
12228 12234
12228 12251
12228 12254
11907 11905
11907 12122
8982 8984
8982 8986
8982 8990
8982 8991
12253 12251
12253 12265
8800 8802
8800 8807
8800 8825
8800 8828
11877 11879
11877 11884
11877 11902
11877 11905
8827 8825
8827 12121
12258 12260
12258 12262
12258 12265
12258 12266
