21380 20701
21380 20702
21380 21027
21380 21029
21381 20702
21381 21029
21381 21382
21381 21384
21382 21042
21382 21383
21383 21384
21384 20714
19859 19746
19859 19747
19859 19860
19859 19862
19860 19745
19860 21064
19861 19747
19861 19862
19861 19863
19861 19865
19862 19875
19862 21064
19862 21065
19863 19864
19863 19875
19864 19865
19747 19743
19747 19748
19747 19778
19865 19778
19743 19744
19743 19746
19743 19749
19744 19745
19744 19821
19745 19746
19745 19822
19745 20701
19745 20950
19745 20951
19745 21027
21026 20950
21026 20954
21026 21027
21026 21029
19748 19749
19748 19750
19748 19752
19875 21066
19751 19750
19751 19752
21028 20954
21028 21029
21028 21030
21028 21032
21031 21030
21031 21032
19749 19781
19749 19821
19749 19823
19750 19781
21029 21042
19752 19778
21030 21042
21032 20962
19781 19827
21064 20951
21064 20952
21065 20952
21065 21066
21065 21068
21066 21067
21067 21068
21068 20959
20944 20955
20944 20956
20949 20950
20949 20951
20949 20952
20949 20954
20952 20953
20952 20959
20953 20954
20953 20955
20953 20956
20954 20962
20955 20962
20700 19822
20700 19824
20700 20701
20700 20702
20956 20959
20703 19824
20703 20702
20703 20704
20703 20706
20705 20704
20705 20706
20704 19837
20702 20714
20706 20714
19821 19822
19821 19824
19823 19824
19823 19825
19823 19827
19824 19837
19825 19826
19825 19837
19826 19827
