13872 13870
13872 13873
13872 13900
13872 13902
13872 13903
13796 13790
13796 13793
13796 13795
13491 13488
13491 13490
13491 13504
13491 13902
13491 13903
13492 13490
13492 13493
13492 13504
13874 13654
13874 13873
13874 13875
13870 13618
13870 13622
13870 13871
13871 13412
13871 13902
13488 13411
13488 13416
13488 13489
13617 13618
13617 13619
13617 13620
13617 13622
13489 13412
13489 13902
13619 13412
13619 13759
13618 13412
13621 13620
13621 13622
13621 13623
13621 13625
13873 13622
13873 13876
13875 13876
13624 13623
13624 13625
13490 13416
13490 13494
13493 13494
13622 13654
13623 13654
13876 13900
13494 13424
13759 13620
13759 13760
13759 13761
13760 13412
13760 13792
13504 13904
13762 13620
13762 13761
13762 13763
13762 13765
13763 13651
13763 13764
13764 13765
13765 13790
13761 13790
13761 13792
13761 13793
13625 13651
13900 13906
13903 13904
13903 13906
13904 13905
13905 13906
13651 13620
13526 13413
13526 13414
13526 13527
13526 13529
13527 13412
13527 13792
13528 13414
13528 13529
13528 13530
13528 13532
13529 13542
13529 13792
13529 13793
13531 13530
13531 13532
13532 13421
13405 13417
13405 13418
13530 13542
13793 13794
13410 13411
13410 13413
13410 13414
13410 13416
13411 13412
13412 13413
13542 13794
13415 13414
13415 13416
13415 13417
13415 13418
13795 13794
13416 13424
13417 13424
13414 13421
13421 13418
