18825 17313
18825 17314
18825 18472
18825 18474
18826 17314
18826 18474
18826 18827
18826 18829
18827 18487
18827 18828
18828 18829
18829 17326
17312 16569
17312 16571
17312 17313
17312 17314
17313 16491
17314 17315
17314 17326
17315 16571
17315 17316
17315 17318
17316 16584
17316 17317
17317 17318
17318 17326
18471 18395
18471 18399
18471 18472
18471 18474
18472 16491
18473 18399
18473 18474
18473 18475
18473 18477
18474 18487
18401 18389
18401 18398
18401 18404
18476 18475
18476 18477
18477 18407
18475 18487
16568 16490
16568 16495
16568 16569
16568 16571
16569 16491
16570 16495
16570 16571
16570 16572
16570 16574
16571 16584
16572 16573
16572 16584
16573 16574
16574 16503
18509 16607
18509 16609
18509 18396
18509 18397
18510 16609
18510 18397
18510 18511
18510 18513
18511 16622
18511 18512
18512 18513
18513 18404
18389 18400
18394 18395
18394 18396
18394 18397
18394 18399
18395 16491
18396 16491
18397 18398
18397 18404
16606 16492
16606 16493
16606 16607
16606 16609
16607 16491
18398 18399
18398 18400
16608 16493
16608 16609
16608 16610
16608 16612
18399 18407
16611 16610
16611 16612
16484 16496
16484 16497
16609 16622
18407 18400
16489 16490
16489 16492
16489 16493
16489 16495
16490 16491
16491 16492
16493 16494
16493 16500
16494 16495
16494 16496
16494 16497
16622 16610
16495 16503
16497 16500
16496 16503
16500 16612
