21888 21887
21888 21889
21889 21886
21889 21915
25113 21885
25113 24893
25113 25114
25113 25116
22033 21661
22033 21662
22033 22034
22033 22035
22034 21660
22034 22065
22035 22036
22035 22063
22035 22065
22035 22067
22036 21662
22036 22037
22036 22039
25114 24925
25114 25115
22038 22037
22038 22039
22039 22063
25112 21884
25112 21885
25112 24889
25112 24893
25241 24890
25241 24891
25241 25242
25241 25243
25242 21660
25242 25273
21659 21658
21659 21660
21659 21883
21658 21661
21658 21662
21658 21664
21660 21661
21660 21884
21660 22066
21660 24889
21660 24890
25244 24891
25244 25243
25244 25245
25244 25247
25246 25245
25246 25247
21915 21885
21915 25116
21663 21662
21663 21664
21663 21665
21663 21667
21666 21665
21666 21667
25115 25116
21667 21693
25243 25271
25243 25273
25243 25274
25247 25271
25245 24922
21664 21696
21664 21883
21664 21886
22063 22071
22065 22066
22065 22068
22066 25273
22067 22068
22067 22069
22067 22071
22068 22081
22068 25273
22068 25274
21662 21693
22070 22069
22070 22071
25271 25277
24888 24889
24888 24890
24888 24891
24888 24893
24892 24891
24892 24893
24892 24894
24892 24896
21693 22037
25274 25275
25274 25277
24895 24894
24895 24896
21696 21665
21696 21887
25276 25275
25276 25277
22081 22069
22081 25275
24891 24922
24896 24922
24894 24925
24893 24925
21883 21884
21883 21885
21885 21886
21886 21887
