7810 6616
7810 6621
7810 7811
7810 7813
7811 6617
7811 7989
7812 6621
7812 7813
7812 7814
7812 7816
7813 7843
7813 7989
7813 7992
7814 7815
7814 7843
8711 8681
8711 8685
8711 9591
7815 7816
7816 6654
9231 9232
9231 9233
9231 9234
9231 9236
9232 6617
9232 9787
9233 6617
9233 9587
9234 9235
9234 9265
9234 9587
9234 9588
9235 9236
9235 9237
9235 9239
9236 9268
9236 9787
9236 9788
9237 9238
9237 9268
9238 9239
7993 7843
7993 7992
7993 7994
9239 9265
8502 8499
8502 8501
8502 8532
8502 8679
8502 8682
8505 6651
8505 8501
8505 8504
9265 9589
8499 6618
8499 6619
8499 8500
8500 6617
8500 8679
7989 7990
7989 7991
7990 6617
7990 9787
9268 9789
7992 7991
7992 7995
8501 6619
8501 8503
7994 7995
9787 7991
9788 7991
9788 9789
9788 9791
8504 8503
9790 9789
9790 9791
7991 8021
8503 8532
7995 8021
9791 8021
8532 8683
6615 6616
6615 6618
6615 6619
6615 6621
6616 6617
6617 6618
6617 8680
6619 6620
6619 6651
6620 6621
6620 6622
6620 6624
6621 6654
6622 6623
6622 6654
6623 6624
6624 6651
8679 8680
8679 8681
8680 9587
8681 8682
8681 9587
8681 9588
8682 8683
8682 8685
8683 8684
8684 8685
9588 9589
9588 9591
9589 9590
9590 9591
