16943 16941
16943 17211
20130 20132
20130 20136
20130 20155
20130 20158
20240 20242
20240 20244
20240 20247
20240 20248
20215 20213
20215 20483
16859 16861
16859 16865
16859 16883
16859 16886
20157 20155
20157 20247
20160 20158
20160 20212
16981 16979
16981 20248
17201 17203
17201 17205
17201 17208
17201 17211
16888 16886
16888 16940
20204 20206
20204 20208
20204 20212
20204 20213
17210 17208
17210 20482
16970 16972
16970 16974
16970 16978
16970 16979
16932 16934
16932 16936
16932 16940
16932 16941
16885 16883
16885 16978
20475 20477
20475 20479
20475 20482
20475 20483
