19712 19708
19712 19711
19712 19739
21767 21588
21767 21590
21767 21768
21767 21769
21768 19705
21768 22675
21769 21770
21769 21799
21769 22675
21769 22676
21770 21590
21770 21771
21770 21773
21771 21620
21771 21772
21772 21773
21773 21799
22675 22321
22675 22322
22676 22322
22676 22677
22676 22679
22677 22353
22677 22678
22678 22679
22679 21799
19739 19707
19739 21593
19742 19709
19742 19710
19742 20904
20898 19704
20898 19709
20898 20899
20898 20901
20899 19705
20899 21077
20900 19709
20900 20901
20900 20902
20900 20904
20901 20931
20901 21077
20901 21080
20902 20903
20902 20931
20903 20904
22319 22320
22319 22321
22319 22322
22319 22324
22320 19705
22320 22875
22321 19705
22322 22323
22322 22353
22323 22324
22323 22325
22323 22327
22324 22356
22324 22875
22324 22876
22325 22326
22325 22356
22326 22327
22327 22353
20931 21081
21591 21589
21591 21592
21591 21620
21079 21077
21079 21080
21079 21109
21079 22875
21079 22876
21081 21080
21081 21082
21587 19706
21587 19707
21587 21588
21587 21590
21588 19705
21077 21078
21078 19705
21078 22875
21589 19707
21589 21590
21589 21593
21592 21593
22356 22877
21080 21083
22876 22877
22876 22879
21082 21083
22878 22877
22878 22879
21590 21620
22879 21109
21083 21109
19703 19704
19703 19706
19703 19707
19703 19709
19704 19705
19705 19706
19707 19708
19708 19709
19708 19710
19710 19711
