10160
13841
11507
10553
14749
10158
14057
13431
10785
13433
10786
10554
11508
10161
14058
13432
10159
10556
14089
10558
10163
10166
13465
11509
11512
10193
10585
10196
14060
14062
13842
11540
13844
13468
10788
10790
14750
14752
10817
13435
13438
10162
14063
10557
10164
10165
13843
11510
11511
10167
10559
10789
13436
14061
10555
14751
13845
13437
10787
10791
14059
14753
11513
13434
13439
10872
10874
10876
10878
10879
10883
10640
10642
11515
10644
11517
10647
11519
10646
11521
10651
11522
11524
11516
11527
10625
11532
11533
10227
11535
10630
11536
10631
11539
10627
10234
14129
11548
14131
13480
14134
14135
13487
14144
11563
14146
14150
14151
11569
13441
13443
13444
13446
13448
13449
13408
13453
13458
13459
13461
13462
13464
10169
10171
10172
10174
10176
10177
10135
13406
10181
10186
10187
10189
10190
10195
13422
13428
11580
10133
11582
11584
11586
11587
11591
11597
10149
11599
11602
11603
10155
14755
14756
14757
14759
14760
14761
14763
14766
14771
14772
14774
14775
14088
13476
14785
13478
13482
13483
13495
13497
14800
13499
13501
13502
14806
13506
10204
10206
10208
10210
10211
10215
10223
10225
10229
10230
13851
13852
13849
13847
13848
13853
13855
13858
13866
13867
13863
13864
10793
10795
10796
13877
10799
10798
10800
10802
10805
10810
10811
10813
13898
10814
10816
13892
14815
10826
14817
14820
14821
10566
10567
10564
14828
14830
10561
10563
10568
10842
10570
14833
14148
10573
10848
14834
14155
10581
10582
10578
10579
10192
10584
10594
14065
14067
14068
14070
14071
14072
14074
14077
10616
14082
14083
10610
14085
14086
13467
13920
13922
13925
13926
14098
13907
13909
13912
13913
14114
10857
14120
10859
10862
10863
10873
10875
10877
10843
10880
10882
10572
10643
11514
10645
11518
10648
11520
10641
11534
13927
11523
11525
11531
11526
10626
11604
11530
10629
11590
10617
11529
10231
11538
10628
10632
14078
11549
14132
14133
14130
13484
13486
14145
11550
14149
14115
14147
11570
13463
13442
13440
13466
13445
13450
13451
13452
13457
13456
13460
13455
13869
10168
10185
10173
10175
10188
10178
10179
13407
10180
10233
10184
10214
10183
10194
13409
13429
11528
10134
11583
11585
11581
11588
14822
11598
10136
11601
11564
11600
10156
14776
14066
14754
14777
14758
14762
14764
14765
14770
14769
14773
14768
14087
13454
14786
13481
13477
13479
13496
13498
14787
13500
13423
13503
14807
13505
10182
10207
10209
10205
10212
10864
10224
10228
10150
10226
13850
13865
13861
13868
13846
13856
13854
13859
13914
13860
10562
13862
10815
10794
10792
13879
10797
10818
10801
10803
10804
10809
10808
10812
13878
10807
11537
13893
14767
10827
14819
14816
14818
10586
10170
10565
14829
14831
10560
10577
10571
10828
10569
14801
14832
10574
10849
14152
14835
10580
10575
10650
10576
10191
10583
10596
14064
14081
14069
13447
14084
14073
14075
14076
10595
14154
14080
10611
14136
14079
14090
13857
13924
13921
13923
14099
13908
13911
13899
13910
14100
10806
14121
10861
10858
10860
