19772 19770
19772 19891
21721 21723
21721 21725
21721 21729
21721 21730
22100 22102
22100 22104
22100 22107
22100 22108
21648 21646
21648 21764
19845 19847
19845 19849
19845 19853
19845 19854
21732 21730
21732 22108
21651 21649
21651 21729
20598 20596
20598 22107
19883 19885
19883 19887
19883 19891
19883 19892
19775 19773
19775 19853
21633 21630
21633 21634
21633 21646
21633 21649
19894 19892
19894 21765
20589 20591
20589 20593
20589 20596
20589 20599
19756 19753
19756 19757
19756 19770
19756 19773
19856 19854
19856 20599
21757 21759
21757 21761
21757 21764
21757 21765
