13838 13836
13838 17094
16987 16989
16987 16991
16987 16994
16987 16995
13711 13713
13711 13715
13711 13719
13711 13720
16882 16880
16882 16959
13679 13681
13679 13683
13679 13687
13679 13688
13722 13720
13722 16995
16879 16877
16879 16994
13607 13605
13607 13719
17087 17089
17087 17091
17087 17094
17087 17095
13690 13688
13690 13839
16864 16861
16864 16865
16864 16877
16864 16880
16962 16960
16962 17095
13591 13588
13591 13592
13591 13605
13591 13608
13829 13831
13829 13833
13829 13836
13829 13839
13610 13608
13610 13687
16951 16953
16951 16955
16951 16959
16951 16960
