25216 23760
25216 25213
25216 25215
23169 23170
23169 23171
23169 23172
23169 23174
23170 19899
23170 23728
23171 19899
23171 23528
23172 23173
23172 23204
23172 23528
23172 23529
20485 19898
20485 19903
20485 20486
20485 20487
20486 19899
20486 21999
23173 23174
23173 23175
23173 23177
23176 23175
23176 23177
20488 19903
20488 20487
20488 20489
20488 20491
20490 20489
20490 20491
23174 23207
23174 23728
23174 23731
20489 19936
23177 23204
23175 23207
20487 20517
20487 21999
20487 22001
22032 22002
22032 22003
22032 25214
20491 20517
23204 23530
20517 22005
23207 23732
20269 19900
20269 19901
20269 20270
20269 20271
20270 19899
20270 23528
20271 20272
20271 20301
20271 23528
20271 23529
23728 23729
23728 23730
23729 19899
23729 25212
20272 19901
20272 20273
20272 20275
23731 23730
23731 23732
23731 23734
20274 20273
20274 20275
23733 23732
23733 23734
20273 19933
23734 23760
19897 19898
19897 19900
19897 19901
19897 19903
19898 19899
19899 19900
19899 22000
19901 19902
19901 19933
19902 19903
19902 19904
19902 19906
19903 19936
19904 19905
19904 19936
19905 19906
19906 19933
20301 20275
20301 23532
23760 23730
23730 25212
23730 25213
23529 23530
23529 23532
23530 23531
23531 23532
21999 22000
21999 22002
22000 25212
22001 22002
22001 22003
22001 22005
22002 25212
22002 25213
22003 22004
22004 22005
25213 25214
25214 25215
