13331 13329
13331 14531
14161 14163
14161 14165
14161 14168
14161 14171
14839 14841
14839 14843
14839 14846
14839 14847
13237 13235
13237 13290
14400 14397
14400 14401
14400 14413
14400 14416
14170 14168
14170 14846
13293 13291
13293 14171
14498 14496
14498 14847
13320 13322
13320 13324
13320 13328
13320 13329
14415 14413
14415 14530
13282 13284
13282 13286
13282 13290
13282 13291
13234 13232
13234 13328
14487 14489
14487 14491
14487 14495
14487 14496
14523 14525
14523 14527
14523 14530
14523 14531
14418 14416
14418 14495
13207 13209
13207 13213
13207 13232
13207 13235
