17169 17167
17171 17167
17174 17162
17174 17167
17175 16776
17175 17167
20020 20018
20022 20018
20027 20018
20027 20029
20026 19974
20026 20018
20039 20037
20045 19968
20045 20037
20046 20037
20046 20048
20041 20037
18124 18122
16677 16671
16677 16676
18126 18122
18130 18115
18130 18122
18131 18122
18131 18133
18141 18139
16693 16676
16693 16695
18143 18139
18146 18109
18146 18139
18147 17425
18147 18139
16699 16671
16699 16701
21329 21327
21329 21332
21344 21332
21344 21346
21350 21327
21350 21352
16748 16746
20421 20419
20421 20424
16750 16746
16754 16701
16754 16746
16755 16746
16755 16757
16767 16765
20442 20419
20442 20444
16769 16765
16773 16695
16773 16765
16774 16765
16774 16776
20436 20424
20436 20438
21359 21357
17370 17368
17370 17373
21361 21357
21364 21352
21364 21357
21365 18133
21365 21357
21372 21370
21374 21370
17386 17373
17386 17388
21377 21346
21377 21370
21378 20697
21378 21370
17392 17368
17392 17394
20464 20462
20466 20462
20469 20438
20469 20462
20470 17193
20470 20462
20451 20449
20453 20449
20456 20444
20456 20449
20457 20048
20457 20449
20642 20640
20642 20645
20658 20645
20658 20660
20664 20640
20664 20666
17401 17399
17138 17136
17138 17141
17403 17399
17406 17394
17406 17399
17407 16757
17407 17399
17416 17414
17418 17414
17160 17136
17160 17162
17422 17388
17422 17414
17154 17141
17154 17156
17423 17414
17423 17425
19950 19944
19950 19949
19966 19949
19966 19968
19972 19944
19972 19974
20673 20671
20675 20671
20678 20666
20678 20671
20679 20029
20679 20671
18092 18090
18092 18095
20688 20686
20690 20686
20694 20660
20694 20686
20695 20686
20695 20697
18107 18095
18107 18109
17184 17182
18113 18090
18113 18115
17186 17182
17190 17156
17190 17182
17191 17182
17191 17193
