21109 21107
21109 22902
21772 21774
21772 21779
21772 21797
21772 21800
21592 21594
21592 21598
21592 21617
21592 21618
22353 22351
22353 22703
20903 20905
20903 20909
20903 20928
20903 20929
21620 21618
21620 21800
21799 21797
21799 22702
19739 19737
19739 21617
22878 22880
22878 22884
22878 22902
22878 22903
20931 20929
20931 21110
22678 22680
22678 22684
22678 22702
22678 22703
22356 22354
22356 22903
19711 19713
19711 19718
19711 19737
19711 19740
21082 21084
21082 21089
21082 21107
21082 21110
19742 19740
19742 20928
22326 22328
22326 22333
22326 22351
22326 22354
