3840 3765
3840 3839
3840 4108
3841 3769
3841 3842
3841 3843
3841 3845
7042 7041
7042 7043
3842 3839
3842 3855
3842 4108
3842 4111
3844 3843
3844 3845
3843 3855
7040 7035
7040 7039
7040 7072
7040 7111
7040 7113
3845 3800
7041 7039
7041 7072
7043 7039
7043 7069
4108 4109
4108 4110
4109 3765
4109 7384
4110 4111
4110 4122
4110 7384
4110 7385
4111 4112
4111 4114
3855 4112
4113 4112
4113 4114
4114 4122
4122 7388
7069 7038
7069 7153
7072 7117
3877 3766
3877 3767
3877 3878
3877 3880
3878 3765
3878 7149
3879 3767
3879 3880
3879 3881
3879 3883
3880 3893
3880 7149
3880 7150
3881 3882
3881 3893
3882 3883
3883 3797
3763 3764
3763 3766
3763 3767
3763 3769
3764 3765
3764 3839
3765 3766
3765 7036
3765 7037
3765 7112
3893 7151
3768 3767
3768 3769
3768 3770
3768 3772
3769 3800
3769 3839
3770 3771
3770 3800
3771 3772
3772 3797
3767 3797
7111 7036
7111 7112
7111 7114
7112 7384
7113 7114
7113 7115
7113 7117
7114 7127
7114 7384
7114 7385
7115 7116
7115 7127
7116 7117
7039 7038
7385 7386
7385 7388
7387 7386
7387 7388
7127 7386
7149 7037
7149 7038
7150 7038
7150 7151
7150 7153
7151 7152
7152 7153
7035 7036
7035 7037
7035 7038
