3345
5434
4731
6315
4551
5959
3343
5255
6515
5256
4732
5435
4552
5961
3344
3346
5960
6316
3382
6318
5963
5966
5288
4734
4736
5993
5466
5996
3348
3351
5437
4584
5439
3379
6516
6518
4553
4556
4763
5257
5260
5962
3350
6317
5964
5965
5438
4554
4735
5967
6319
6517
3347
3352
5436
4555
5440
5261
4733
6519
3349
4557
4737
5258
5259
6594
6596
4822
6599
6600
4829
6394
6396
4739
5525
4742
6400
4744
6399
4745
5532
4746
4748
4741
4751
6381
4756
4757
6027
4759
6386
4760
6387
4583
6383
6034
3525
4772
3527
3529
3531
3532
3536
3506
4788
3508
3512
3513
4794
5267
5269
5265
5263
5264
5270
5272
5275
5283
5284
5280
5281
5287
5969
5971
5972
5974
5976
5977
5936
5298
5981
5986
5987
5989
5990
5995
5320
5314
4803
5934
4805
4710
4808
4809
4717
4818
5950
4820
4824
4825
5956
4559
4560
4561
4563
4565
4566
4568
4571
4576
4577
4579
4580
3381
5426
4594
5428
5431
5432
5409
5411
4610
5413
5415
5416
4616
5420
6004
6006
6008
6010
6011
6015
6023
6025
6029
6030
5447
5448
5445
5442
5444
5449
5451
5454
5462
5463
5459
5460
6521
6522
6523
5475
6526
6525
6527
6529
6532
6537
6538
6540
5497
6541
4762
5491
4706
6551
4708
4712
4713
6325
6326
6323
4723
4725
6321
6322
6327
6566
6329
4728
3510
6332
6572
4729
3517
6340
6341
6337
6338
5992
5465
6351
3359
3361
3357
3354
3356
3362
3364
3367
6372
3375
3376
6366
3372
3373
3378
5521
5523
5527
5528
3393
5506
5508
5511
5512
3416
6581
3410
6583
6586
6587
6595
6597
6598
6567
4826
6601
6331
6397
4738
6398
4743
5529
4564
6395
4758
5531
4747
4749
4755
4750
6382
4828
4754
6385
4810
6373
4753
6031
4764
6384
6388
3366
4773
3528
3530
3526
3533
5433
3507
4774
3511
3417
3509
4795
5286
5268
5266
5285
5262
5273
5271
5276
5282
5277
5279
5278
5467
5968
5985
5973
5975
5988
5978
5979
5300
5980
6033
5984
6014
5983
5994
5299
5315
4752
5935
4806
4807
4804
4714
4716
4819
5937
4823
4789
4821
5957
4581
3360
4558
4582
4562
4567
4569
4570
4575
4574
4578
4573
3380
5274
4595
5430
5427
5429
5410
5412
4596
5414
5321
5417
4617
5419
5982
6007
6009
6005
6012
6588
6024
6028
5951
6026
5446
5461
5457
5464
5441
5452
5450
5455
5513
5456
5443
5458
6542
4740
6520
5477
6524
6543
6528
6530
6531
6536
6535
6539
5476
6534
4761
5492
4572
6552
4711
4707
4709
6343
5970
6324
4724
4726
6320
6336
6330
6553
6328
4611
4727
6333
6573
3514
4730
6339
6334
6401
6335
5991
6342
6353
3358
3374
3353
3355
3371
3365
3363
3368
6352
3516
3369
6367
3535
3370
3377
5453
5526
5522
5524
3395
5507
5510
5498
5509
3394
6533
3411
6585
6582
6584
