24320 24142
24320 24144
24320 24321
24320 24322
24321 22977
24321 26077
24322 24323
24322 24352
24322 26077
24322 26078
24323 24144
24323 24324
24323 24326
24324 24174
24324 24325
24325 24326
24326 24352
24850 24820
24850 24821
24850 25000
25877 24997
25877 24998
25877 25523
25877 25524
25878 24998
25878 25524
25878 25879
25878 25881
25879 25555
25879 25880
25880 25881
25881 25028
24352 26081
24996 24818
24996 24820
24996 24997
24996 24998
24997 22977
24998 24999
24998 25028
24999 24820
24999 25000
24999 25002
25000 25001
25001 25002
25002 25028
25521 25522
25521 25523
25521 25524
25521 25526
25522 22977
25522 26077
25523 22977
25524 25525
25524 25555
25525 25526
25525 25527
25525 25529
25526 25558
25526 26077
25526 26078
25527 25528
25527 25558
25528 25529
25529 25555
22975 22976
22975 22978
22975 22979
22975 22981
22976 22977
22976 24141
22977 22978
22977 24142
22977 24818
22978 24817
22979 22980
22979 23011
22979 24817
22979 24819
22980 22981
22980 22982
22980 22984
22981 23014
22981 24141
22981 24143
22983 22982
22983 22984
22984 23011
22982 23014
24141 24142
24141 24144
24143 24144
24143 24145
24143 24147
24144 24174
24145 24146
24145 24174
24146 24147
24147 23014
25558 26079
26078 26079
26078 26081
26079 26080
26080 26081
23011 24823
24817 24818
24817 24820
24819 24820
24819 24821
24819 24823
24821 24822
24822 24823
