13315 13202
13315 13203
13315 13316
13315 13318
13316 13201
13316 14520
13317 13203
13317 13318
13317 13319
13317 13321
13318 13331
13318 14520
13318 14521
13319 13320
13319 13331
13320 13321
13321 13234
13205 13199
13205 13204
13205 13237
13205 13277
13205 13279
13199 13200
13199 13202
13199 13203
13200 13201
13200 13277
13201 13202
13201 13278
13201 14157
13201 14406
13201 14407
13201 14483
14482 14406
14482 14410
14482 14483
14482 14485
14483 14836
13331 14522
14484 14410
14484 14485
14484 14486
14484 14488
14487 14486
14487 14488
13204 13203
13204 13206
13204 13208
13207 13206
13207 13208
14485 14498
14485 14836
14485 14837
14486 14498
13203 13234
13208 13234
14488 14418
13206 13237
14498 14838
13237 13283
14520 14407
14520 14408
14521 14408
14521 14522
14521 14524
14522 14523
14523 14524
14524 14415
14400 14411
14400 14412
14405 14406
14405 14407
14405 14408
14405 14410
14408 14409
14408 14415
14409 14410
14409 14411
14409 14412
14410 14418
14411 14418
14156 13278
14156 13280
14156 14157
14156 14158
14157 14836
14158 14159
14158 14170
14158 14836
14158 14837
14159 13280
14159 14160
14159 14162
14415 14412
14161 14160
14161 14162
14162 14170
14160 13293
14170 14840
13277 13278
13277 13280
13279 13280
13279 13281
13279 13283
13280 13293
13281 13282
13281 13293
13282 13283
14837 14838
14837 14840
14838 14839
14839 14840
