16691 16645
16691 16690
16691 16811
15474 15470
15474 15475
15474 15481
15474 15545
15474 15547
16697 16645
16697 16696
16697 16792
15478 15465
15478 15475
15478 15481
15479 15464
15479 15465
15479 15480
15479 15481
18743 18741
18743 18744
18743 18745
18743 18746
16625 16626
16625 16627
16625 16628
16625 16630
16626 13355
16626 17213
16627 13355
16627 16997
16628 16629
16628 16660
16628 16997
16628 16998
16629 16630
16629 16631
16629 16633
16630 16663
16630 17213
16630 17216
16631 16632
16631 16663
16632 16633
16632 16634
16632 16639
16632 16658
16632 16661
16633 16660
16634 16635
16634 16637
16634 16638
16635 16636
16635 16658
16636 16637
16636 16653
16636 16659
16636 16816
16636 17007
16636 17008
16636 17022
16637 16652
16638 16639
16638 16650
16638 16651
16638 16652
16638 16655
16639 16640
16639 16642
16640 16641
16640 16661
16641 16642
16641 16656
16641 16662
16641 16797
16641 17226
16641 17227
16641 17241
16642 16655
16643 16644
16643 16646
16643 16647
16643 16649
16644 16645
16644 16786
16645 16646
16645 16674
16645 16675
16645 16787
16645 16806
16646 16805
16647 16648
16647 16654
16647 16805
16647 16807
16648 16649
16648 16650
16648 16651
16649 16657
16649 16786
16649 16788
16650 16657
16651 16654
16652 16653
16652 16654
16653 16815
16654 16810
16654 16815
16655 16656
16655 16657
16656 16796
16657 16791
16657 16796
16658 16659
16658 16660
16659 17025
16660 16999
16660 17025
16661 16662
16661 16663
16662 17246
16663 17217
16663 17246
16673 16674
16673 16675
16674 16696
16675 16690
18738 15456
18738 15458
18738 17214
18738 17215
18739 15458
18739 17215
18739 18740
18739 18742
18740 15488
18740 18741
18741 18742
18741 18747
18741 18765
18741 18766
18742 17245
18744 17222
18744 18765
18746 18747
18746 18757
18746 18758
18746 18759
18746 18762
18745 17222
18745 18759
18748 15468
18748 18747
18748 18766
18749 15468
18749 18747
18749 18762
18750 18751
18750 18753
18750 18754
18750 18756
18752 18751
18752 18753
18752 18775
18752 18776
18752 18790
18752 18796
18752 18805
18752 18818
18753 18817
18754 18755
18754 18761
18754 18817
18754 18819
18755 18756
18755 18757
18755 18758
18751 18804
18756 18764
18756 18804
18756 18806
18757 18764
18759 18760
18759 18761
18760 17222
18760 18824
18761 18758
18761 18821
18761 18824
18762 18763
18762 18764
18763 15468
18763 18811
18764 18808
18764 18811
18766 15487
18766 15488
18765 17244
18765 17245
18774 18775
18774 18776
18775 18795
18776 18789
18789 18790
18790 18822
18795 18796
18796 18809
18804 18805
18805 18809
18806 18807
18806 18808
18807 15532
18807 18810
18808 15532
18810 15536
18811 15532
18811 15539
18817 18818
18818 18822
18819 18820
18819 18821
18820 17304
18820 18823
18821 17304
18823 17308
18824 17304
18824 17311
16786 16787
16787 16792
16788 16789
16788 16791
16789 16790
16789 16793
16790 16791
16790 16794
16790 16796
16790 17288
16790 17289
16790 17292
16793 16794
16794 17291
16796 16797
16797 17292
16805 16806
16806 16811
16807 16808
16807 16810
16808 16809
16808 16812
16809 16810
16809 16813
16809 16815
16809 17066
16809 17067
16809 17070
16812 16813
16813 17069
16815 16816
16816 17070
16997 13726
16997 13727
16998 13727
16998 16999
16998 17001
16999 17000
17000 17001
17000 17002
17000 17006
17000 17024
17000 17025
17001 13757
17002 17003
17002 17004
17002 17005
17003 13734
17003 17024
17004 13734
17004 17018
17005 17006
17005 17016
17005 17017
17005 17018
17005 17021
17006 17007
17006 17008
17007 17025
17008 17021
17009 17010
17009 17012
17009 17013
17009 17015
17010 17011
17010 17063
17011 17012
17011 17034
17011 17035
17011 17049
17011 17055
17011 17064
17011 17077
17012 17076
17013 17014
17013 17020
17013 17076
17013 17078
17014 17015
17014 17016
17014 17017
17015 17023
17015 17063
17015 17065
17016 17023
17017 17020
17018 17019
17018 17020
17019 13734
17019 17083
17020 17080
17020 17083
17021 17022
17021 17023
17022 17070
17023 17067
17023 17070
17024 13756
17024 13757
17033 17034
17033 17035
17034 17054
17035 17048
17048 17049
17049 17081
17054 17055
17055 17068
17063 17064
17064 17068
17065 17066
17065 17067
17066 17069
17076 17077
17077 17081
17078 17079
17078 17080
17079 13816
17079 17082
17080 13816
17082 13820
17083 13816
17083 13823
17213 17214
17213 17215
17214 13355
17215 17216
17215 17245
17216 17217
17216 17219
17217 17218
17218 17219
17218 17220
17218 17225
17218 17243
17218 17246
17219 17245
17220 17221
17220 17223
17220 17224
17221 17222
17221 17243
17222 17223
17222 17238
17222 17244
17222 17311
17223 17237
17224 17225
17224 17235
17224 17236
17224 17237
17224 17240
17225 17226
17225 17227
17226 17246
17227 17240
17228 17229
17228 17231
17228 17232
17228 17234
17229 17230
17229 17285
17230 17231
17230 17255
17230 17256
17230 17271
17230 17277
17230 17286
17230 17301
17231 17300
17232 17233
17232 17239
17232 17300
17232 17302
17233 17234
17233 17235
17233 17236
17234 17242
17234 17285
17234 17287
17235 17242
17236 17239
17237 17238
17237 17239
17238 17310
17239 17305
17239 17310
17240 17241
17240 17242
17241 17292
17242 17289
17242 17292
17243 17244
17243 17245
17254 17255
17254 17256
17255 17276
17256 17270
17270 17271
17271 17306
17276 17277
17277 17290
17285 17286
17286 17290
17287 17288
17287 17289
17288 17291
17300 17301
17301 17306
17302 17303
17302 17305
17303 17304
17303 17307
17304 17305
17304 17308
17304 17310
17307 17308
17310 17311
13353 13354
13353 13356
13353 13357
13353 13359
13354 13355
13354 13941
13355 13356
13355 13726
13355 13942
13355 15456
13356 13725
13357 13358
13357 13389
13357 13725
13357 13728
13358 13359
13358 13360
13358 13362
13359 13392
13359 13941
13359 13944
13360 13361
13360 13392
13361 13362
13361 13363
13361 13368
13361 13387
13361 13390
13362 13389
13363 13364
13363 13366
13363 13367
13364 13365
13364 13387
13365 13366
13365 13382
13365 13388
13365 13544
13365 13738
13365 13739
13365 13753
13366 13381
13367 13368
13367 13379
13367 13380
13367 13381
13367 13384
13368 13369
13368 13371
13369 13370
13369 13390
13370 13371
13370 13385
13370 13391
13370 13525
13370 13954
13370 13955
13370 13969
13371 13384
13372 13373
13372 13375
13372 13376
13372 13378
13373 13374
13373 13514
13374 13375
13374 13403
13374 13404
13374 13420
13374 13426
13374 13515
13374 13534
13375 13533
13376 13377
13376 13383
13376 13533
13376 13535
13377 13378
13377 13379
13377 13380
13378 13386
13378 13514
13378 13516
13379 13386
13380 13383
13381 13382
13381 13383
13382 13543
13383 13538
13383 13543
13384 13385
13384 13386
13385 13524
13386 13519
13386 13524
13387 13388
13387 13389
13388 13758
13389 13729
13389 13758
13390 13391
13390 13392
13391 13974
13392 13945
13392 13974
13402 13403
13402 13404
13403 13425
13404 13419
15455 13942
15455 13943
15455 15456
15455 15458
15457 13943
15457 15458
15457 15459
15457 15461
15458 15488
15459 15460
15459 15488
15460 15461
15460 15462
15460 15466
15460 15485
15460 15486
15461 13973
15462 15463
15462 15464
15462 15465
15463 13950
15463 15485
15464 13950
15465 15466
15465 15477
15465 15482
15466 15467
15466 15469
15467 15468
15467 15486
13419 13420
15469 15468
15469 15482
15470 15471
15470 15473
15470 15476
15468 15483
15468 15487
15468 15539
15472 15471
15472 15473
15472 15497
15472 15498
15472 15512
15472 15518
15472 15529
15472 15546
13425 13426
13426 13520
15475 15476
15475 15477
15473 15545
15471 15528
15476 15484
15476 15528
15476 15530
15477 15484
15480 13950
15480 15552
15481 15549
15481 15552
15482 15483
15482 15484
15483 15538
15484 15533
15484 15538
15485 13972
15485 13973
15486 15487
15486 15488
15496 15497
15496 15498
15497 15517
15498 15511
15511 15512
15512 15550
15517 15518
15518 15534
15528 15529
15529 15534
15530 15531
15530 15533
15531 15532
15531 15535
15532 15533
15532 15536
15532 15538
15535 15536
15538 15539
15545 15546
15546 15550
15547 15548
15547 15549
15548 14032
15548 15551
15549 14032
15551 14036
15552 14032
15552 14039
13514 13515
13515 13520
13516 13517
13516 13519
13517 13518
13517 13521
13518 13519
13518 13522
13518 13524
13518 14016
13518 14017
13518 14020
13521 13522
13522 14019
13524 13525
13525 14020
13533 13534
13534 13539
13535 13536
13535 13538
13536 13537
13536 13540
13537 13538
13537 13541
13537 13543
13537 13800
13537 13801
13537 13804
13539 13420
13540 13541
13541 13803
13543 13544
13544 13804
13725 13726
13725 13727
13727 13728
13727 13757
13728 13729
13728 13731
13729 13730
13730 13731
13730 13732
13730 13737
13730 13755
13730 13758
13731 13757
13732 13733
13732 13735
13732 13736
13733 13734
13733 13755
13734 13735
13734 13750
13734 13756
13734 13823
13735 13749
13736 13737
13736 13747
13736 13748
13736 13749
13736 13752
13737 13738
13737 13739
13738 13758
13739 13752
13740 13741
13740 13743
13740 13744
13740 13746
13741 13742
13741 13797
13742 13743
13742 13767
13742 13768
13742 13783
13742 13789
13742 13798
13742 13813
13743 13812
13744 13745
13744 13751
13744 13812
13744 13814
13745 13746
13745 13747
13745 13748
13746 13754
13746 13797
13746 13799
13747 13754
13748 13751
13749 13750
13749 13751
13750 13822
13751 13817
13751 13822
13752 13753
13752 13754
13753 13804
13754 13801
13754 13804
13755 13756
13755 13757
13766 13767
13766 13768
13767 13788
13768 13782
13782 13783
13783 13818
13788 13789
13789 13802
13797 13798
13798 13802
13799 13800
13799 13801
13800 13803
13812 13813
13813 13818
13814 13815
13814 13817
13815 13816
13815 13819
13816 13817
13816 13820
13816 13822
13819 13820
13822 13823
13941 13942
13941 13943
13943 13944
13943 13973
13944 13945
13944 13947
13945 13946
13946 13947
13946 13948
13946 13953
13946 13971
13946 13974
13947 13973
13948 13949
13948 13951
13948 13952
13949 13950
13949 13971
13950 13951
13950 13966
13950 13972
13950 14039
13951 13965
13952 13953
13952 13963
13952 13964
13952 13965
13952 13968
13953 13954
13953 13955
13954 13974
13955 13968
13956 13957
13956 13959
13956 13960
13956 13962
13957 13958
13957 14013
13958 13959
13958 13983
13958 13984
13958 13999
13958 14005
13958 14014
13958 14029
13959 14028
13960 13961
13960 13967
13960 14028
13960 14030
13961 13962
13961 13963
13961 13964
13962 13970
13962 14013
13962 14015
13963 13970
13964 13967
13965 13966
13965 13967
13966 14038
13967 14033
13967 14038
13968 13969
13968 13970
13969 14020
13970 14017
13970 14020
13971 13972
13971 13973
13982 13983
13982 13984
13983 14004
13984 13998
13998 13999
13999 14034
14004 14005
14005 14018
14013 14014
14014 14018
14015 14016
14015 14017
14016 14019
14028 14029
14029 14034
14030 14031
14030 14033
14031 14032
14031 14035
14032 14033
14032 14036
14032 14038
14035 14036
14038 14039
