24312 24310
24314 24310
24317 24202
24317 24310
24318 23147
24318 24310
26143 26141
26145 26141
26149 25575
26149 26141
26148 26136
26148 26141
26156 26154
26161 26130
26161 26154
26162 24416
26162 26154
26158 26154
25083 25081
23025 23023
23025 23028
25085 25081
25089 25055
25089 25081
25090 25081
25090 25092
25068 25066
23048 23023
23048 23050
25070 25066
25073 25061
25073 25066
25074 24980
25074 25066
23042 23028
23042 23044
25913 25911
25913 25916
25934 25911
25934 25936
25928 25916
25928 25930
23157 23155
24361 24359
24361 24364
23159 23155
23163 23044
23163 23155
23164 23155
23164 23166
23138 23136
24377 24364
24377 24379
23140 23136
23144 23050
23144 23136
23145 23136
23145 23147
24383 24359
24383 24385
25956 25954
24860 24858
24860 24863
25958 25954
25961 25930
25961 25954
25962 25092
25962 25954
25943 25941
25945 25941
24882 24858
24882 24884
25948 25936
25948 25941
25949 25594
25949 25941
24876 24863
24876 24878
24392 24390
24394 24390
24397 24385
24397 24390
24398 24304
24398 24390
24407 24405
24409 24405
24413 24379
24413 24405
24414 24405
24414 24416
25496 25490
25496 25495
25512 25495
25512 25514
25518 25490
25518 25520
24988 24986
24184 24182
24184 24187
24990 24986
24993 24878
24993 24986
24994 23166
24994 24986
24971 24969
24973 24969
24200 24187
24200 24202
24977 24884
24977 24969
24206 24182
24206 24208
24978 24969
24978 24980
26113 26111
26113 26116
26128 26116
26128 26130
26134 26111
26134 26136
25566 25564
25568 25564
25572 25520
25572 25564
25573 25564
25573 25575
25037 25035
25037 25040
25585 25583
25587 25583
25591 25514
25591 25583
25592 25583
25592 25594
25059 25035
25059 25061
24295 24293
25053 25040
25053 25055
24297 24293
24301 24208
24301 24293
24302 24293
24302 24304
