20237 16966
20237 16968
20237 20125
20237 20126
20238 16968
20238 20126
20238 20239
20238 20241
20239 16981
20239 20240
20240 20241
20241 20157
20123 20124
20123 20125
20123 20126
20123 20128
20124 16853
20124 20199
20125 16853
20126 20127
20126 20157
20127 20128
20127 20129
20127 20131
16928 16853
16928 16927
16928 17196
16927 16852
16927 16857
16927 16930
20130 20129
20130 20131
16929 16857
16929 16930
16929 16931
16929 16933
16932 16931
16932 16933
20131 20157
20129 20160
20128 20160
20128 20199
20128 20201
16933 16888
16930 16943
16930 17196
16930 17199
16931 16943
17196 17197
17196 17198
17197 16853
17197 20472
17198 17199
17198 17210
17198 20472
17198 20473
16943 17200
17199 17200
17199 17202
17201 17200
17201 17202
17202 17210
17210 20476
20160 20205
16965 16854
16965 16855
16965 16966
16965 16968
16966 16853
16967 16855
16967 16968
16967 16969
16967 16971
16968 16981
16969 16970
16969 16981
16970 16971
16971 16885
16851 16852
16851 16854
16851 16855
16851 16857
16852 16853
16853 16854
16853 20200
16856 16855
16856 16857
16856 16858
16856 16860
16857 16888
16858 16859
16858 16888
16859 16860
16855 16885
16860 16885
20199 20200
20199 20202
20200 20472
20201 20202
20201 20203
20201 20205
20203 20204
20203 20215
20204 20205
20202 20215
20202 20472
20202 20473
20215 20474
20473 20474
20473 20476
20474 20475
20475 20476
