15809 15807
15809 16159
13167 13169
13167 13174
13167 13193
13167 13196
14359 14361
14359 14365
14359 14384
14359 14385
15076 15074
15076 15256
16334 16336
16334 16340
16334 16358
16334 16359
13198 13196
13198 14384
13195 13193
13195 15073
14387 14385
14387 14566
16134 16136
16134 16140
16134 16158
16134 16159
15812 15810
15812 16359
15048 15050
15048 15054
15048 15073
15048 15074
15255 15253
15255 16158
14538 14540
14538 14545
14538 14563
14538 14566
15782 15784
15782 15789
15782 15807
15782 15810
14565 14563
14565 16358
15228 15230
15228 15235
15228 15253
15228 15256
