23053 23051
23053 23106
24187 24184
24187 24188
24187 24200
24187 24203
24274 24276
24274 24278
24274 24282
24274 24283
23147 23145
23147 24318
23948 23950
23948 23952
23948 23955
23948 23958
24205 24203
24205 24282
24202 24200
24202 24317
24285 24283
24285 24634
23023 23025
23023 23029
23023 23048
23023 23051
23109 23107
23109 23958
24310 24312
24310 24314
24310 24317
24310 24318
23050 23048
23050 23144
24626 24628
24626 24630
24626 24633
24626 24634
23098 23100
23098 23102
23098 23106
23098 23107
23957 23955
23957 24633
23136 23138
23136 23140
23136 23144
23136 23145
