22977
25521
22975
26077
24817
24320
24996
25877
24141
25523
22976
25522
22978
24321
24818
24997
24142
26078
24850
26080
24323
24325
25555
22980
22983
24352
25558
24174
24999
25001
25525
23011
25528
25028
24143
24146
24819
24822
23014
25878
25880
24322
25000
26081
24144
24324
25529
22979
22984
24326
26079
24145
24998
25002
25526
24823
25527
25881
22981
24147
24820
24821
22982
25524
25879
24312
24314
23142
24317
24318
23149
26143
26145
22991
25570
22989
26149
22986
26148
22988
25577
22994
22996
22993
22999
26156
23007
23008
24411
23004
26161
23005
26162
23010
26158
24418
25083
23025
25085
25087
25089
25090
25094
25068
23048
25070
25073
25074
23042
25887
25888
25885
25883
25884
25889
25891
25894
25902
25903
25899
25900
25554
24328
24330
24331
24333
24334
24335
24337
25913
24340
24345
24346
24348
24349
24173
25934
25928
23157
24361
23159
23161
23163
23164
23168
23138
24377
23140
23144
23145
24383
24829
24831
24827
24825
24826
24832
24834
24837
24845
24846
24842
24843
24849
25956
24860
25958
25961
25962
25943
25945
24882
25589
25948
25949
24876
25596
24392
24394
24299
24397
24398
24306
24407
24409
24413
24414
25531
25533
25534
25536
25538
25539
25498
25543
25548
25549
25551
25552
24149
24150
24151
25496
24155
24153
24156
24158
24161
24166
24167
24169
25512
24170
23013
25518
24988
24184
24990
24993
24994
26083
26084
26085
24971
24973
26087
26088
26089
24200
26091
24977
24975
26094
24206
24978
24982
26099
26100
26102
26103
24351
25557
26113
25009
25010
25007
25004
25006
25011
25013
25016
26128
25024
25025
26134
25021
25022
25027
25566
25568
25572
25573
25037
25585
25587
25591
25592
25059
24295
25053
24297
24301
24302
24313
24315
24316
24201
23146
24319
26095
26146
22990
26147
22985
25574
22987
26144
23003
25576
22997
22995
23006
23000
26157
23148
23001
26160
23167
26129
23002
24415
23009
26159
26163
25015
23027
25086
25088
25084
25091
25963
25069
23026
25072
25060
25071
23043
25905
25532
25886
25904
25882
25892
25890
25895
25901
25896
25898
25897
25553
24327
24344
24332
24154
24347
24336
24338
25915
24339
24417
24343
24399
24342
24353
25914
25929
22998
24362
23160
23162
23158
23165
24995
23139
24363
23143
23049
23141
24384
24848
24830
24828
24847
24824
24835
24833
24838
24844
24839
24841
24840
25029
25893
24862
25960
25957
25959
25944
25946
24861
25947
25935
25593
24877
25950
24341
24395
24396
24393
24303
24305
24408
24412
24378
24410
25530
25547
25545
25556
25535
25540
25541
25542
25595
25546
25537
25550
24171
22992
24148
25497
24152
24172
24157
24159
24160
24165
24164
24168
25499
24163
23012
25519
24836
24185
24992
24989
24991
26104
24329
26082
24972
24974
26086
26101
26090
24186
26092
24883
24976
26093
24207
24979
24981
26098
26097
26150
26096
24350
26105
26114
25008
25023
25003
25005
25020
25014
25012
25017
26115
25075
25018
26135
25093
25019
25026
25544
25571
25567
25569
25039
25586
25590
25513
25588
25038
24162
25054
24300
24296
24298
