10119 10117
10119 10702
6817 6819
6817 6824
6817 6843
6817 6846
7402 7404
7402 7409
7402 7427
7402 7430
7213 7211
7213 10480
12197 12199
12197 12203
12197 12221
12197 12222
6848 6846
6848 7430
6845 6843
6845 7214
7429 7427
7429 8941
10088 10090
10088 10095
10088 10114
10088 10117
10701 10699
10701 12221
7186 7188
7186 7193
7186 7211
7186 7214
10116 10114
10116 10481
8916 8918
8916 8922
8916 8941
8916 8942
10674 10676
10674 10681
10674 10699
10674 10702
8944 8942
8944 12222
10456 10458
10456 10462
10456 10480
10456 10481
