586 583
586 585
586 612
5650 2368
5650 2370
5650 4126
5650 4127
5651 2370
5651 4127
5651 5652
5651 5654
5652 2400
5652 5653
5653 5654
2370 2367
2370 2369
2370 2400
5654 4157
2371 2369
2371 2372
2371 2400
4125 3538
4125 3542
4125 4126
4125 4127
4126 196
4127 4128
4127 4157
4128 3542
4128 4129
4128 4131
4129 3575
4129 4130
4130 4131
4131 4157
2373 844
2373 2369
2373 2372
812 195
812 200
812 813
812 814
813 196
813 2367
814 815
814 844
814 2367
814 2369
815 200
815 816
815 818
816 233
816 817
817 818
818 844
2367 2368
2368 196
194 195
194 197
194 198
194 200
195 196
196 197
196 581
196 3538
196 3539
3909 581
3909 582
3909 3539
3909 3540
580 197
580 198
580 581
580 582
583 198
583 582
583 584
585 584
3910 582
3910 3540
3910 3911
3910 3913
3912 3911
3912 3913
199 198
199 200
199 201
199 203
202 201
202 203
3537 3538
3537 3539
3537 3540
3537 3542
3540 3541
3540 3572
3541 3542
3541 3543
3541 3545
3542 3575
3543 3544
3543 3575
3544 3545
3545 3572
3911 3572
612 582
612 3913
198 230
230 203
230 584
233 200
233 201
