10242 10100
10242 10105
10242 10243
10243 10101
10243 10248
10244 10105
10244 10245
10244 10247
10245 10246
10245 10249
10246 10247
10246 10250
10246 10252
10246 10744
10246 10745
10246 10748
10247 10113
10248 10153
10249 10250
10250 10747
10252 10112
10252 10113
10252 10253
10253 10097
10253 10748
10261 10102
10261 10103
10261 10262
10262 10101
10262 10267
10263 10103
10263 10264
10263 10266
10264 10265
10264 10268
10265 10266
10265 10269
10265 10271
10265 10522
10265 10523
10265 10526
10266 10110
10267 10147
10268 10269
10269 10525
10271 10109
10271 10110
10271 10272
10272 10092
10272 10526
10453 7182
10453 7183
10453 10083
10453 10084
10454 7183
10454 10084
10454 10455
10454 10457
10455 10116
10455 10456
10456 10457
10456 10458
10456 10462
10456 10480
10456 10481
10457 7213
10458 10459
10458 10460
10458 10461
10459 7190
10459 10480
10460 7190
10460 10474
10461 10462
10461 10472
10461 10473
10461 10474
10461 10477
10462 10463
10462 10464
10463 10092
10463 10481
10464 10092
10464 10477
10465 10466
10465 10468
10465 10469
10465 10471
10466 10467
10466 10519
10467 10468
10467 10490
10467 10491
10467 10505
10467 10511
10467 10520
10467 10533
10468 10532
10469 10470
10469 10476
10469 10532
10469 10534
10470 10471
10470 10472
10470 10473
10471 10479
10471 10519
10471 10521
10472 10479
10473 10476
10474 10475
10474 10476
10475 7190
10475 10539
10476 10536
10476 10539
10477 10478
10477 10479
10478 10092
10478 10526
10479 10523
10479 10526
10480 7212
10480 7213
10481 10115
10481 10116
10489 10490
10489 10491
10490 10510
10491 10504
10504 10505
10505 10537
10510 10511
10511 10524
10519 10520
10520 10524
10521 10522
10521 10523
10522 10525
10532 10533
10533 10537
10534 10535
10534 10536
10535 7272
10535 10538
10536 7272
10538 7276
10539 7272
10539 7279
10669 10082
10669 10086
10669 10670
10669 10671
10670 6811
10670 12194
10671 10672
10671 10701
10671 12194
10671 12195
10672 10086
10672 10673
10672 10675
10673 10119
10673 10674
10674 10675
10674 10676
10674 10681
10674 10699
10674 10702
10675 10701
10676 10677
10676 10679
10676 10680
10677 10678
10677 10699
10678 10679
10678 10694
10678 10700
10678 10767
10678 12200
10678 12201
10678 12216
10679 10693
10680 10681
10680 10691
10680 10692
10680 10693
10680 10696
10681 10682
10681 10683
10682 10097
10682 10702
10683 10097
10683 10696
10684 10685
10684 10687
10684 10688
10684 10690
10685 10686
10685 10741
10686 10687
10686 10711
10686 10712
10686 10727
10686 10733
10686 10742
10686 10757
10687 10756
10688 10689
10688 10695
10688 10756
10688 10758
10689 10690
10689 10691
10689 10692
10690 10698
10690 10741
10690 10743
10691 10698
10692 10695
10693 10694
10693 10695
10694 10766
10695 10761
10695 10766
10696 10697
10696 10698
10697 10097
10697 10748
10698 10745
10698 10748
10699 10700
10699 10701
10700 12221
10701 12198
10701 12221
10702 10118
10702 10119
10710 10711
10710 10712
10711 10732
10712 10726
10726 10727
10727 10762
10732 10733
10733 10746
10741 10742
10742 10746
10743 10744
10743 10745
10744 10747
10756 10757
10757 10762
10758 10759
10758 10761
10759 10760
10759 10763
10760 10761
10760 10764
10760 10766
10760 12276
10760 12277
10760 12280
10763 10764
10764 12279
10766 10767
10767 12280
6809 6810
6809 6812
6809 6813
6809 6815
6810 6811
6810 7397
6811 6812
6811 7182
6811 7398
6811 8912
6811 10082
6811 10083
6812 7181
6813 6814
6813 6845
6813 7181
6813 7184
6814 6815
6814 6816
6814 6818
6815 6848
6815 7397
6815 7400
6816 6817
6816 6848
6817 6818
6817 6819
6817 6824
6817 6843
6817 6846
6818 6845
6819 6820
6819 6822
6819 6823
6820 6821
6820 6843
6821 6822
6821 6838
6821 6844
6821 7000
6821 7194
6821 7195
6821 7209
6822 6837
6823 6824
6823 6835
6823 6836
6823 6837
6823 6840
6824 6825
6824 6827
6825 6826
6825 6846
6826 6827
6826 6841
6826 6847
6826 6981
6826 7410
6826 7411
6826 7425
6827 6840
6828 6829
6828 6831
6828 6832
6828 6834
6829 6830
6829 6970
6830 6831
6830 6859
6830 6860
6830 6876
6830 6882
6830 6971
6830 6990
6831 6989
6832 6833
6832 6839
6832 6989
6832 6991
6833 6834
6833 6835
6833 6836
6834 6842
6834 6970
6834 6972
6835 6842
6836 6839
6837 6838
6837 6839
6838 6999
6839 6994
6839 6999
6840 6841
6840 6842
6841 6980
6842 6975
6842 6980
6843 6844
6843 6845
6844 7214
6845 7185
6845 7214
6846 6847
6846 6848
6847 7430
6848 7401
6848 7430
6858 6859
6858 6860
6859 6881
6860 6875
8911 7398
8911 7399
8911 8912
8911 8914
8912 12194
8913 7399
8913 8914
8913 8915
8913 8917
8914 8944
8914 12194
8914 12195
8915 8916
8915 8944
8916 8917
8916 8918
8916 8922
8916 8941
8916 8942
8917 7429
8918 8919
8918 8920
8918 8921
8919 7406
8919 8941
8920 7406
8920 8935
8921 8922
8921 8933
8921 8934
8921 8935
8921 8938
8922 8923
8922 8925
8923 8924
8923 8942
6875 6876
8925 8924
8925 8938
8926 8927
8926 8929
8926 8930
8926 8932
8924 8939
8924 8943
8924 8995
8924 12204
8924 12205
8924 12219
8928 8927
8928 8929
8928 8953
8928 8954
8928 8968
8928 8974
8928 8985
8928 9002
6881 6882
6882 6976
8931 8930
8931 8932
8931 8933
8931 8934
8929 9001
8927 8984
8932 8940
8932 8984
8932 8986
8933 8940
8936 7406
8936 8935
8936 9008
8937 8930
8937 8934
8937 8935
8937 9005
8937 9008
8938 8939
8938 8940
8939 8994
8940 8989
8940 8994
8941 7428
8941 7429
8942 8943
8942 8944
8943 12222
8944 12196
8944 12222
8952 8953
8952 8954
8953 8973
8954 8967
8967 8968
8968 9006
8973 8974
8974 8990
8984 8985
8985 8990
8986 8987
8986 8989
8987 8988
8987 8991
8988 8989
8988 8992
8988 8994
8988 12263
8988 12264
8988 12267
8991 8992
8992 12266
8994 8995
8995 12267
9001 8930
9001 9002
9002 9006
9003 8930
9003 9004
9003 9005
9004 7488
9004 9007
9005 7488
9007 7492
9008 7488
9008 7495
6970 6971
6971 6976
6972 6973
6972 6975
6973 6974
6973 6977
6974 6975
6974 6978
6974 6980
6974 7472
6974 7473
6974 7476
6977 6978
6978 7475
6980 6981
6981 7476
6989 6990
6990 6995
6991 6992
6991 6994
6992 6993
6992 6996
6993 6994
6993 6997
6993 6999
6993 7256
6993 7257
6993 7260
6995 6876
6996 6997
6997 7259
6999 7000
7000 7260
7181 7182
7181 7183
7183 7184
7183 7213
7184 7185
7184 7187
7185 7186
7186 7187
7186 7188
7186 7193
7186 7211
7186 7214
7187 7213
7188 7189
7188 7191
7188 7192
7189 7190
7189 7211
7190 7191
7190 7206
7190 7212
7190 7279
7191 7205
7192 7193
7192 7203
7192 7204
7192 7205
7192 7208
7193 7194
7193 7195
7194 7214
7195 7208
7196 7197
7196 7199
7196 7200
7196 7202
7197 7198
7197 7253
7198 7199
7198 7223
7198 7224
7198 7239
7198 7245
7198 7254
7198 7269
7199 7268
7200 7201
7200 7207
7200 7268
7200 7270
7201 7202
7201 7203
7201 7204
7202 7210
7202 7253
7202 7255
7203 7210
7204 7207
7205 7206
7205 7207
7206 7278
7207 7273
7207 7278
7208 7209
7208 7210
7209 7260
7210 7257
7210 7260
7211 7212
7211 7213
7222 7223
7222 7224
7223 7244
7224 7238
7238 7239
7239 7274
7244 7245
7245 7258
7253 7254
7254 7258
7255 7256
7255 7257
7256 7259
7268 7269
7269 7274
7270 7271
7270 7273
7271 7272
7271 7275
7272 7273
7272 7276
7272 7278
7275 7276
7278 7279
7397 7398
7397 7399
7399 7400
7399 7429
7400 7401
7400 7403
7401 7402
7402 7403
7402 7404
7402 7409
7402 7427
7402 7430
7403 7429
7404 7405
7404 7407
7404 7408
7405 7406
7405 7427
7406 7407
7406 7422
7406 7428
7406 7495
7407 7421
7408 7409
7408 7419
7408 7420
7408 7421
7408 7424
7409 7410
7409 7411
7410 7430
7411 7424
7412 7413
7412 7415
7412 7416
7412 7418
7413 7414
7413 7469
7414 7415
7414 7439
7414 7440
7414 7455
7414 7461
7414 7470
7414 7485
7415 7484
7416 7417
7416 7423
7416 7484
7416 7486
7417 7418
7417 7419
7417 7420
7418 7426
7418 7469
7418 7471
7419 7426
7420 7423
7421 7422
7421 7423
7422 7494
7423 7489
7423 7494
7424 7425
7424 7426
7425 7476
7426 7473
7426 7476
7427 7428
7427 7429
7438 7439
7438 7440
7439 7460
7440 7454
7454 7455
7455 7490
7460 7461
7461 7474
10147 10101
10147 10146
7469 7470
7470 7474
7471 7472
7471 7473
7472 7475
7484 7485
7485 7490
7486 7487
7486 7489
7487 7488
7487 7491
7488 7489
7488 7492
7488 7494
7491 7492
7494 7495
10081 10082
10081 10083
10081 10084
10081 10086
10084 10085
10084 10116
10085 10086
10085 10087
10085 10089
10086 10119
10087 10088
10087 10119
10088 10089
10088 10090
10088 10095
10088 10114
10088 10117
10089 10116
10090 10091
10090 10093
10090 10094
10091 10092
10091 10114
10092 10093
10092 10109
10092 10115
10093 10108
10094 10095
10094 10106
10094 10107
10094 10108
10094 10111
10095 10096
10095 10098
10096 10097
10096 10117
10097 10098
10097 10112
10097 10118
10098 10111
10099 10100
10099 10102
10099 10103
10099 10105
10100 10101
10101 10102
10101 10130
10101 10131
10101 10153
10103 10104
10103 10110
10104 10105
10104 10106
10104 10107
10105 10113
10106 10113
10107 10110
10108 10109
10108 10110
10111 10112
10111 10113
10114 10115
10114 10116
10117 10118
10117 10119
10153 10152
10129 10130
10129 10131
10130 10152
10131 10146
12195 12196
12195 12198
12196 12197
12197 12198
12197 12199
12197 12203
12197 12221
12197 12222
12200 12199
12200 12221
12201 12199
12201 12215
12202 12199
12202 12203
12202 12213
12202 12214
12202 12215
12202 12218
12204 12203
12204 12222
12205 12203
12205 12218
12206 12207
12206 12209
12206 12210
12206 12212
12208 12207
12208 12209
12208 12231
12208 12232
12208 12246
12208 12252
12208 12261
12208 12274
12207 12260
12211 12210
12211 12212
12211 12213
12211 12214
12212 12220
12212 12260
12212 12262
12213 12220
12214 12217
12215 12216
12215 12217
12216 12280
12217 12210
12217 12277
12217 12280
12218 12219
12218 12220
12219 12267
12220 12264
12220 12267
12230 12231
12230 12232
12231 12251
12232 12245
12245 12246
12246 12278
12251 12252
12252 12265
12260 12261
12210 12273
12210 12275
12262 12263
12262 12264
12261 12265
12266 12263
12273 12209
12273 12274
12274 12278
12275 12276
12275 12277
12276 12279
