20048 20046
20048 20457
20339 20341
20339 20343
20339 20346
20339 20347
20308 20310
20308 20314
20308 20332
20308 20335
19965 19963
19965 20083
20419 20421
20419 20425
20419 20442
20419 20445
20334 20332
20334 20346
20086 20084
20086 20347
20195 20193
20195 20335
20037 20039
20037 20041
20037 20045
20037 20046
20444 20442
20444 20456
20075 20077
20075 20079
20075 20083
20075 20084
19968 19966
19968 20045
20168 20170
20168 20175
20168 20193
20168 20196
20449 20451
20449 20453
20449 20456
20449 20457
20198 20196
20198 20445
19949 19946
19949 19950
19949 19963
19949 19966
