137 59
137 64
137 138
137 140
138 60
138 911
139 64
139 140
139 141
139 143
140 153
140 911
140 914
141 142
141 153
142 143
911 912
911 913
912 60
912 2465
913 914
913 925
913 2465
913 2466
914 915
914 917
143 72
916 915
916 917
917 925
915 153
925 2469
2465 2085
2465 2087
2466 2087
2466 2467
2466 2469
2467 2100
2467 2468
2084 2007
2084 2011
2084 2085
2084 2087
2085 60
2468 2469
2086 2011
2086 2087
2086 2088
2086 2090
2089 2088
2089 2090
2090 2019
2087 2100
2088 2100
175 61
175 62
175 176
175 178
176 60
176 2122
177 62
177 178
177 179
177 181
178 191
178 2122
178 2123
179 180
179 191
180 181
53 65
53 66
181 69
58 59
58 61
58 62
58 64
59 60
60 61
60 2007
60 2008
62 63
62 69
191 2124
63 64
63 65
63 66
64 72
65 72
66 69
2122 2008
2122 2009
2123 2009
2123 2124
2123 2126
2124 2125
2125 2126
2126 2016
2001 2012
2001 2013
2006 2007
2006 2008
2006 2009
2006 2011
2009 2010
2009 2016
2010 2011
2010 2012
2010 2013
2011 2019
2012 2019
2013 2016
