4125 3538
4125 3542
4125 4126
4125 4127
4126 196
4126 5650
4127 4128
4127 4157
4127 5650
4127 5651
4128 3542
4128 4129
4128 4131
4129 3575
4129 4130
4130 4131
4130 4132
4130 4137
4130 4155
4130 4158
4131 4157
4132 4133
4132 4135
4132 4136
4133 4134
4133 4155
4134 4135
4134 4150
4134 4156
4134 4223
4134 5656
4134 5657
4134 5672
4135 4149
4136 4137
4136 4147
4136 4148
4136 4149
4136 4152
4137 4138
4137 4139
4138 3553
4138 4158
4139 3553
4139 4152
4140 4141
4140 4143
4140 4144
4140 4146
4141 4142
4141 4197
4142 4143
4142 4167
4142 4168
4142 4183
4142 4189
4142 4198
4142 4213
4143 4212
4144 4145
4144 4151
4144 4212
4144 4214
4145 4146
4145 4147
4145 4148
4146 4154
4146 4197
4146 4199
4147 4154
4148 4151
4149 4150
4149 4151
4150 4222
4151 4217
4151 4222
4152 4153
4152 4154
4153 3553
4153 4204
4154 4201
4154 4204
4155 4156
4155 4157
4156 5677
4157 5654
4157 5677
4158 3574
4158 3575
4166 4167
4166 4168
4167 4188
4168 4182
4182 4183
4183 4218
4188 4189
4189 4202
4197 4198
4198 4202
4199 4200
4199 4201
4200 3702
4200 4203
4201 3702
4203 3706
4204 3702
4204 3709
4212 4213
4213 4218
4214 4215
4214 4217
4215 4216
4215 4219
4216 4217
4216 4220
4216 4222
4216 5732
4216 5733
4216 5736
4219 4220
4220 5735
4222 4223
4223 5736
194 195
194 197
194 198
194 200
195 196
195 812
196 197
196 581
196 813
196 2368
196 3538
196 3539
197 580
198 199
198 230
198 580
198 583
199 200
199 201
199 203
200 233
200 812
200 815
201 202
201 233
202 203
202 204
202 209
202 228
202 231
203 230
204 205
204 207
204 208
205 206
205 228
206 207
206 223
206 229
206 386
206 593
206 594
206 608
207 222
208 209
208 220
208 221
208 222
208 225
209 210
209 212
210 211
210 231
211 212
211 226
211 232
211 367
211 825
211 826
211 840
212 225
213 214
213 216
213 217
213 219
214 215
214 356
215 216
215 244
215 245
215 261
215 267
215 357
215 376
216 375
217 218
217 224
217 375
217 377
218 219
218 220
218 221
219 227
219 356
219 358
220 227
221 224
222 223
222 224
223 385
224 380
224 385
225 226
225 227
226 366
227 361
227 366
228 229
228 230
229 613
230 584
230 613
231 232
231 233
232 845
233 816
233 845
243 244
243 245
244 266
245 260
260 261
261 381
266 267
267 362
2367 813
2367 814
2367 2368
2367 2370
2368 5650
2369 814
2369 2370
2369 2371
2369 2373
2370 2400
2370 5650
2370 5651
2371 2372
2371 2400
2372 2373
2372 2374
2372 2378
2372 2397
2372 2398
2373 844
2374 2375
2374 2376
2374 2377
2375 821
2375 2397
2376 821
2376 2391
2377 2378
2377 2389
2377 2390
2377 2391
2377 2394
2378 2379
2378 2381
2379 2380
2379 2398
2380 2381
2380 2395
2380 2399
2380 2451
2380 5660
2380 5661
2380 5675
2381 2394
2382 2383
2382 2385
2382 2386
2382 2388
2383 2384
2383 2440
2384 2385
2384 2409
2384 2410
2384 2424
2384 2430
2384 2441
2384 2458
2385 2457
2386 2387
2386 2393
2386 2457
2386 2459
2387 2388
2387 2389
2387 2390
2388 2396
2388 2440
2388 2442
2389 2396
2390 2393
2391 2392
2391 2393
2392 821
2392 2464
2393 2461
2393 2464
2394 2395
2394 2396
2395 2450
2396 2445
2396 2450
2397 843
2397 844
2398 2399
2398 2400
2399 5678
2400 5652
2400 5678
356 357
357 362
358 359
358 361
359 360
359 363
360 361
360 364
360 366
360 887
360 888
360 891
2408 2409
2408 2410
363 364
364 890
366 367
367 891
2410 2423
2409 2429
375 376
2423 2424
377 378
377 380
376 381
379 378
379 380
379 383
379 385
379 655
379 656
379 659
382 378
382 383
2429 2430
2430 2446
383 658
386 385
386 659
2440 2441
2441 2446
2442 2443
2442 2445
2443 2444
2443 2447
2444 2445
2444 2448
2444 2450
2444 5719
2444 5720
2444 5723
2447 2448
2448 5722
2450 2451
2451 5723
2457 2458
2458 2462
2459 2460
2459 2461
2460 903
2460 2463
2461 903
2462 2424
2463 907
2464 903
2464 910
580 581
580 582
581 3909
582 583
582 612
582 3909
582 3910
583 584
583 586
584 585
585 586
585 587
585 592
585 610
585 613
586 612
587 588
587 590
587 591
588 589
588 610
589 590
589 605
589 611
589 678
589 3915
589 3916
589 3931
590 604
591 592
591 602
591 603
591 604
591 607
592 593
592 594
593 613
594 607
595 596
595 598
595 599
595 601
596 597
596 652
597 598
597 622
597 623
597 638
597 644
597 653
597 668
598 667
599 600
599 606
599 667
599 669
600 601
600 602
600 603
601 609
601 652
601 654
602 609
603 606
604 605
604 606
605 677
606 672
606 677
607 608
607 609
608 659
609 656
609 659
610 611
610 612
611 3936
612 3913
612 3936
621 622
621 623
622 643
623 637
637 638
638 673
643 644
644 657
652 653
653 657
654 655
654 656
655 658
667 668
668 673
669 670
669 672
670 671
670 674
671 672
671 675
671 677
671 3991
671 3992
671 3995
674 675
675 3994
677 678
678 3995
812 813
812 814
814 815
814 844
815 816
815 818
816 817
817 818
817 819
817 824
817 842
817 845
818 844
819 820
819 822
819 823
820 821
820 842
821 822
821 837
821 843
821 910
822 836
823 824
823 834
823 835
823 836
823 839
824 825
824 826
825 845
826 839
827 828
827 830
827 831
827 833
828 829
828 884
829 830
829 854
829 855
829 870
829 876
829 885
829 900
830 899
831 832
831 838
831 899
831 901
832 833
832 834
832 835
833 841
833 884
833 886
834 841
835 838
836 837
836 838
837 909
838 904
838 909
839 840
839 841
840 891
841 888
841 891
842 843
842 844
853 854
853 855
854 875
855 869
869 870
870 905
875 876
876 889
884 885
885 889
886 887
886 888
887 890
899 900
900 905
901 902
901 904
902 903
902 906
903 904
903 907
903 909
906 907
909 910
3537 3538
3537 3539
3537 3540
3537 3542
3539 3909
3540 3541
3540 3572
3540 3909
3540 3910
3541 3542
3541 3543
3541 3545
3542 3575
3543 3544
3543 3575
3544 3545
3544 3546
3544 3551
3544 3570
3544 3573
3545 3572
3546 3547
3546 3549
3546 3550
3547 3548
3547 3570
3548 3549
3548 3565
3548 3571
3548 3728
3548 3919
3548 3920
3548 3934
3549 3564
3550 3551
3550 3562
3550 3563
3550 3564
3550 3567
3551 3552
3551 3554
3552 3553
3552 3573
3553 3554
3553 3568
3553 3574
3553 3709
3554 3567
3555 3556
3555 3558
3555 3559
3555 3561
3556 3557
3556 3698
3557 3558
3557 3586
3557 3587
3557 3603
3557 3609
3557 3699
3557 3718
3558 3717
3559 3560
3559 3566
3559 3717
3559 3719
3560 3561
3560 3562
3560 3563
3561 3569
3561 3698
3561 3700
3562 3569
3563 3566
3564 3565
3564 3566
3565 3727
3566 3722
3566 3727
3567 3568
3567 3569
3568 3708
3569 3703
3569 3708
3570 3571
3570 3572
3571 3937
3572 3911
3572 3937
3573 3574
3573 3575
3585 3586
3585 3587
3586 3608
3587 3602
5651 5652
5651 5654
5652 5653
5653 5654
5653 5655
5653 5659
5653 5677
5653 5678
3602 3603
3608 3609
5656 5655
5656 5677
5658 5655
5658 5659
5658 5669
5658 5670
5658 5671
5658 5674
5657 5655
5657 5671
5660 5659
5660 5678
5661 5659
5661 5674
5662 5663
5662 5665
5662 5666
5662 5668
5664 5663
5664 5665
5664 5687
5664 5688
5664 5702
5664 5708
5664 5717
5664 5730
5665 5729
5663 5716
5667 5666
5667 5668
5667 5669
5667 5670
5668 5676
5668 5716
5668 5718
5669 5676
5670 5673
5671 5672
5671 5673
5672 5736
5673 5666
5673 5733
5673 5736
5674 5675
5674 5676
5675 5723
5676 5720
5676 5723
5686 5687
5686 5688
5687 5707
5688 5701
5701 5702
5702 5734
5707 5708
5708 5721
5716 5717
5717 5721
5718 5719
5718 5720
5719 5722
5729 5666
5729 5730
5730 5734
5731 5666
5731 5732
5731 5733
5732 5735
3698 3699
3699 3704
3700 3701
3700 3703
3701 3702
3701 3705
3702 3703
3702 3706
3702 3708
3704 3609
3705 3706
3708 3709
3717 3718
3718 3723
3719 3720
3719 3722
3720 3721
3720 3724
3721 3722
3721 3725
3721 3727
3721 3978
3721 3979
3721 3982
3723 3603
3724 3725
3725 3981
3727 3728
3728 3982
3910 3911
3910 3913
3911 3912
3912 3913
3912 3914
3912 3918
3912 3936
3912 3937
3914 3915
3914 3916
3914 3917
3915 3936
3916 3930
3917 3918
3917 3928
3917 3929
3917 3930
3917 3933
3918 3919
3918 3920
3919 3937
3920 3933
3921 3922
3921 3924
3921 3925
3921 3927
3922 3923
3922 3975
3923 3924
3923 3946
3923 3947
3923 3961
3923 3967
3923 3976
3923 3989
3924 3988
3925 3926
3925 3932
3925 3988
3925 3990
3926 3927
3926 3928
3926 3929
3927 3935
3927 3975
3927 3977
3928 3935
3929 3932
3930 3931
3930 3932
3931 3995
3932 3992
3932 3995
3933 3934
3933 3935
3934 3982
3935 3979
3935 3982
3945 3946
3945 3947
3946 3966
3947 3960
3960 3961
3961 3993
3966 3967
3967 3980
3975 3976
3976 3980
3977 3978
3977 3979
3978 3981
3988 3989
3989 3993
3990 3991
3990 3992
3991 3994
