2433 2402
2433 2403
2433 2434
2433 2436
2434 2028
2434 5711
2435 2403
2435 2436
2435 2437
2435 2439
2436 2449
2436 5711
2436 5712
2437 2438
2437 2449
2438 2439
2439 2431
2061 2030
2061 2035
2061 2405
2064 2032
2064 2033
2064 2255
2449 5713
5550 2252
5550 2253
5550 5327
5550 5331
5679 5328
5679 5329
5679 5680
5679 5681
5680 2028
5680 5711
5551 2253
5551 5331
5551 5552
5551 5554
5553 5552
5553 5554
5682 5329
5682 5681
5682 5683
5682 5685
5684 5683
5684 5685
5552 5363
5681 5709
5681 5711
5681 5712
5685 5709
5554 2283
5683 5360
5329 5326
5329 5330
5329 5360
2253 2251
2253 2254
2253 2283
5713 5712
5713 5714
2251 2027
2251 2032
2251 2252
2252 2028
5709 5715
5326 5327
5326 5328
5326 5331
5328 2028
5327 2028
2254 2032
2254 2255
2254 2257
2256 2255
2256 2257
5330 5331
5330 5332
5330 5334
5333 5332
5333 5334
5712 5715
5714 5715
2257 2283
5331 5363
5332 5363
5334 5360
2401 2029
2401 2030
2401 2402
2401 2403
2402 2028
2403 2404
2403 2431
2404 2030
2404 2405
2404 2407
2405 2406
2406 2407
2407 2431
2026 2027
2026 2029
2026 2030
2026 2032
2027 2028
2028 2029
2031 2030
2031 2032
2031 2033
2031 2035
2034 2033
2034 2035
