23040 23028
23040 23038
23040 23047
24961 24948
24961 24949
24961 25301
23041 23028
23041 23038
23041 23044
23044 23037
23044 23156
23047 23039
23047 23118
23153 23150
23153 23152
23153 23166
23153 24983
23153 24984
23154 23152
23154 23155
23154 23166
23827 23113
23827 23115
23827 23828
23827 23829
23828 23035
23828 25299
23829 23830
23829 23841
23829 25299
23829 25300
23830 23115
23830 23831
23830 23833
24983 23151
24983 24870
24983 24871
23832 23831
23832 23833
24984 24871
24984 24985
24984 24987
24986 24985
24986 24987
24987 24878
23833 23841
24985 23166
23831 23128
24863 24874
24863 24875
23841 25303
24868 24869
24868 24870
24868 24871
24868 24873
24869 23035
24869 24945
24870 23035
24871 24872
24871 24878
24872 24873
24872 24874
24872 24875
24873 24881
24873 24945
24873 24947
24874 24881
24875 24878
24881 24951
23112 23034
23112 23039
23112 23113
23112 23115
23113 23035
23114 23039
23114 23115
23114 23116
23114 23118
23115 23128
23117 23116
23117 23118
23116 23128
24948 24945
24948 24947
24948 25299
24948 25300
25299 24946
25300 25301
25300 25303
25301 25302
25302 25303
24951 24947
24951 24950
23150 23036
23150 23037
23150 23151
23151 23035
23152 23037
23152 23156
24945 24946
24946 23035
23155 23156
24947 24949
24950 24949
23033 23034
23033 23036
23033 23037
23033 23039
23034 23035
23035 23036
23037 23038
23038 23039
