11264 10059
11264 11263
11264 11265
11265 11266
11266 11156
11266 11263
10884 10006
10884 10008
10884 10885
10884 10886
10885 9929
10885 11605
11141 11152
11141 11153
10887 10008
10887 10886
10887 10888
10887 10890
10888 10021
10888 10889
10889 10890
11146 11147
11146 11148
11146 11149
11146 11151
11147 9929
11147 11224
11148 9929
11148 11262
10890 10898
11150 11149
11150 11151
11150 11152
11150 11153
11149 11156
11149 11262
11149 11263
11151 11159
11151 11224
11151 11226
11153 11156
10898 10886
10898 11609
11152 11159
10005 9928
10005 9933
10005 10006
10005 10008
10006 9929
10007 9933
10007 10008
10007 10009
10007 10011
11159 11230
10009 10010
10009 10021
10010 10011
10011 9965
10008 10021
10043 9930
10043 9931
10043 10044
10043 10046
10044 9929
10044 11262
10045 9931
10045 10046
10045 10047
10045 10049
10046 10059
10046 11262
10046 11263
10047 10048
10047 10059
10048 10049
10049 9962
9927 9928
9927 9930
9927 9931
9927 9933
9928 9929
9929 9930
9929 11225
9932 9931
9932 9933
9932 9934
9932 9936
9933 9965
9931 9962
9935 9934
9935 9936
9936 9962
9934 9965
11605 10886
11605 11225
11605 11227
11606 10886
11606 11227
11606 11607
11606 11609
11607 11240
11607 11608
11224 11225
11224 11227
11226 11227
11226 11228
11226 11230
11608 11609
11227 11240
11229 11228
11229 11230
11228 11240
