17361 17359
17361 18081
19982 19984
19982 19989
19982 20007
19982 20010
20388 20390
20388 20394
20388 20412
20388 20413
20633 20631
20633 21320
16710 16712
16710 16717
16710 16735
16710 16738
20009 20007
20009 20413
20012 20010
20012 20634
17129 17127
17129 20412
18056 18058
18056 18062
18056 18081
18056 18082
16740 16738
16740 17362
20606 20608
20606 20613
20606 20631
20606 20634
18084 18082
18084 21321
17102 17104
17102 17109
17102 17127
17102 17130
17334 17336
17334 17341
17334 17359
17334 17362
16737 16735
16737 17130
21296 21298
21296 21302
21296 21320
21296 21321
