17806 16588
17806 16590
17806 17692
17806 17693
17807 16590
17807 17693
17807 17808
17807 17810
17808 16603
17808 17809
17809 17810
17810 17700
17428 16550
17428 16552
17428 17429
17428 17430
17429 16473
17429 18149
17685 17696
17685 17697
17431 16552
17431 17430
17431 17432
17431 17434
17430 17442
17430 18149
17430 18150
17433 17432
17433 17434
17690 17691
17690 17692
17690 17693
17690 17695
17691 16473
17691 17768
17692 16473
17432 16565
17694 17693
17694 17695
17694 17696
17694 17697
17434 17442
17693 17700
17697 17700
17442 18153
17695 17703
17695 17768
17695 17770
16549 16472
16549 16477
16549 16550
16549 16552
16550 16473
17703 17696
17703 17774
16551 16477
16551 16552
16551 16553
16551 16555
16552 16565
16554 16553
16554 16555
16553 16565
16555 16509
16587 16474
16587 16475
16587 16588
16587 16590
16588 16473
16589 16475
16589 16590
16589 16591
16589 16593
16590 16603
16591 16592
16591 16603
16592 16593
16593 16506
16471 16472
16471 16474
16471 16475
16471 16477
16472 16473
16473 16474
16473 17769
16476 16475
16476 16477
16476 16478
16476 16480
16475 16506
16477 16509
16479 16478
16479 16480
16480 16506
16478 16509
18149 17769
18149 17771
18150 17771
18150 18151
18150 18153
18151 17784
18151 18152
17768 17769
17768 17771
18152 18153
17770 17771
17770 17772
17770 17774
17773 17772
17773 17774
17771 17784
17772 17784
