246 258
246 259
251 252
251 254
251 255
251 257
252 253
252 330
253 254
253 331
253 369
253 467
253 468
253 615
253 731
254 368
255 256
255 262
255 368
255 370
256 257
256 258
256 259
257 265
257 330
257 332
258 265
259 262
262 374
265 336
16676 16688
16676 16689
16681 16682
16681 16684
16681 16685
16681 16687
16682 16683
16682 16760
16683 16684
16683 16761
16683 16799
16683 16890
16683 16891
16683 17027
16683 17132
16684 16798
16685 16686
16685 16692
16685 16798
16685 16800
16686 16687
16686 16688
16686 16689
16687 16695
16687 16760
16687 16762
16688 16695
16689 16692
16692 16804
16695 16766
330 331
330 333
331 763
332 333
332 334
332 336
333 346
333 763
333 764
334 335
334 346
335 336
346 765
368 369
368 371
369 647
370 371
370 372
370 374
371 384
371 647
371 648
372 373
372 384
373 374
16760 16761
16760 16763
16761 17164
16762 16763
16762 16764
16762 16766
16763 16776
16763 17164
16763 17165
16764 16765
16764 16776
16765 16766
384 649
387 388
387 390
387 391
387 393
388 389
388 23360
389 390
389 3730
389 7002
389 10274
389 13546
389 16818
389 20090
390 3729
391 392
391 423
391 3729
391 3731
16776 17166
392 393
392 394
392 396
393 426
393 23360
393 23361
394 395
394 426
395 396
395 397
395 402
395 421
395 424
396 423
397 398
397 400
397 401
398 399
398 421
399 400
399 416
399 422
399 579
399 3737
399 3738
399 3754
400 415
401 402
401 413
401 414
401 415
401 418
402 403
402 405
403 404
403 424
404 405
404 419
404 425
404 560
404 23370
404 23371
404 23385
405 418
406 407
406 409
406 410
406 412
407 408
407 549
408 409
408 438
408 439
408 455
408 461
408 550
408 569
409 568
410 411
410 417
410 568
410 570
411 412
411 413
411 414
412 420
412 549
412 551
413 420
414 417
415 416
415 417
416 578
417 573
417 578
418 419
418 420
419 559
420 554
420 559
422 421
422 3759
423 421
423 3735
423 3759
425 424
425 23388
426 424
426 23362
426 23388
428 427
428 429
428 504
16804 16800
16804 16803
430 427
430 429
430 542
431 427
431 432
431 462
431 542
431 544
16814 16801
16814 16802
16814 17060
433 427
433 432
433 465
433 504
433 506
434 432
434 435
434 465
16817 13546
16817 13547
16817 16818
16817 16820
436 432
436 435
436 462
16818 20089
438 437
438 460
439 437
439 454
16819 13547
16819 16820
16819 16821
16819 16823
441 435
441 440
441 442
441 444
16820 16850
16820 20089
16820 20092
443 442
443 444
443 458
443 464
443 485
443 486
443 512
443 531
16821 16822
16821 16850
16822 16823
16822 16824
16822 16828
16822 16847
16822 16848
446 445
446 447
446 523
16823 13577
448 445
448 447
448 561
449 445
449 450
449 456
449 561
449 563
16825 13554
16825 16824
16825 16847
451 445
451 450
451 459
451 523
451 525
452 440
452 450
452 459
453 440
453 450
453 456
16829 16828
16829 16830
16829 16848
16831 16828
16831 16830
16831 16844
16832 16833
16832 16835
16832 16836
16832 16838
457 440
457 444
457 458
457 459
16834 16833
16834 16835
16834 16862
16834 16863
16834 16878
16834 16884
16834 16973
16834 16990
16837 16836
16837 16838
16837 16839
16837 16840
454 440
454 455
454 456
455 574
16838 16846
16838 16972
16838 16974
16842 13554
16842 16841
16842 16996
16843 16836
16843 16840
16843 16841
16843 16993
16843 16996
460 435
460 461
460 462
16845 16830
16845 16844
16845 16982
16846 16839
16846 16844
16846 16977
16846 16982
16847 13576
16847 13577
16849 16830
16849 16848
16849 20122
16850 16848
16850 20093
16850 20122
463 435
463 442
463 464
463 465
466 467
466 468
466 469
466 471
16852 16851
16852 16853
16852 16927
16854 16851
16854 16853
16854 16965
16855 16851
16855 16856
16855 16885
16855 16965
16855 16967
470 469
470 471
470 472
470 474
473 472
473 474
473 475
473 480
473 498
473 501
16861 16859
16861 16862
16861 16863
16861 16864
16862 16883
16863 16877
16858 16856
16858 16859
16858 16888
16860 16856
16860 16859
16860 16885
476 475
476 477
476 498
478 475
478 477
478 492
479 475
479 480
479 490
479 491
479 492
479 495
16865 16859
16865 16864
16865 16866
16865 16868
481 480
481 482
481 501
16867 16866
16867 16868
16867 16881
16867 16887
16867 16908
16867 16909
16867 16935
16867 16954
484 485
484 486
484 487
484 489
483 480
483 482
483 495
16870 13598
16870 16869
16870 16946
16871 13598
16871 16869
16871 16984
16877 16864
16877 16878
16877 16879
16878 16994
496 482
496 495
496 521
488 487
488 489
488 490
488 491
16874 16869
16874 16873
16874 16882
16874 16946
16874 16948
16875 16864
16875 16873
16875 16882
16883 16859
16883 16884
16883 16885
16884 16978
493 477
493 492
493 540
494 487
494 491
494 492
494 535
494 540
16880 16864
16880 16868
16880 16881
16880 16882
497 489
497 490
497 495
497 516
497 521
499 477
499 498
499 646
500 469
500 474
500 498
500 618
500 646
16886 16859
16886 16866
16886 16887
16886 16888
503 471
503 472
503 501
503 734
503 762
502 482
502 501
502 762
505 429
505 504
505 795
16889 16890
16889 16891
16889 16892
16889 16894
507 504
507 506
507 520
507 795
507 798
508 506
508 509
508 520
16893 16892
16893 16894
16893 16895
16893 16897
510 465
510 506
510 509
511 485
511 489
511 509
511 512
16896 16895
16896 16897
16896 16898
16896 16903
16896 16921
16896 16924
513 489
513 509
513 514
513 516
515 514
515 516
515 519
515 521
515 805
515 806
515 811
16899 16898
16899 16900
16899 16921
517 464
517 465
517 509
517 512
16902 16898
16902 16903
16902 16913
16902 16914
16902 16915
16902 16918
518 509
518 514
518 519
518 520
16904 16903
16904 16905
16904 16924
16906 16903
16906 16905
16906 16918
16907 16908
16907 16909
16907 16910
16907 16912
522 482
522 521
522 811
524 447
524 523
524 679
526 523
526 525
526 539
526 679
526 682
527 525
527 528
527 539
16911 16910
16911 16912
16911 16913
16911 16914
529 459
529 525
529 528
530 486
530 487
530 528
530 531
532 487
532 528
532 533
532 535
16917 16910
16917 16914
16917 16915
16917 16958
16917 16963
534 533
534 535
534 538
534 540
534 689
534 690
534 695
16919 16905
16919 16918
16919 16944
536 458
536 459
536 528
536 531
537 528
537 533
537 538
537 539
16920 16912
16920 16913
16920 16918
16920 16939
16920 16944
16923 16892
16923 16897
16923 16921
16923 17030
16923 17057
16925 16905
16925 16924
16925 17163
541 477
541 540
541 695
543 429
543 542
543 23502
545 542
545 544
545 558
545 23502
545 23503
546 544
546 547
546 558
548 462
548 544
548 547
549 547
549 550
550 555
551 547
551 552
551 554
552 553
552 556
553 554
553 557
553 559
553 23510
553 23511
553 23514
555 461
555 462
555 547
556 547
556 557
556 558
557 23513
16936 16912
16936 16932
16936 16937
16936 16939
559 560
560 23514
16938 16937
16938 16939
16938 16942
16938 16944
16938 17206
16938 17207
16938 17212
16940 16887
16940 16888
16940 16932
16940 16935
16941 16932
16941 16937
16941 16942
16941 16943
16945 16905
16945 16944
16945 17212
562 447
562 561
562 3896
16947 13598
16947 16946
16947 17084
564 561
564 563
564 577
564 3896
564 3897
568 566
568 569
569 574
570 566
570 571
570 573
571 572
571 575
572 573
572 576
572 578
572 3904
572 3905
572 3908
574 456
574 566
575 566
575 576
575 577
576 3907
16955 16910
16955 16951
16955 16956
16955 16958
578 579
579 3908
16957 16956
16957 16958
16957 16961
16957 16963
16957 17092
16957 17093
16957 17096
16959 16881
16959 16882
16959 16951
16959 16954
16960 16951
16960 16956
16960 16961
16960 16962
16964 16900
16964 16963
16964 17096
16966 16853
16966 16965
16966 20237
16968 16965
16968 16967
16968 16981
16968 20237
16968 20238
16969 16967
16969 16970
16969 16981
16971 16885
16971 16967
16971 16970
16972 16833
16972 16970
16972 16973
16973 16978
16974 16970
16974 16975
16974 16977
16975 16976
16975 16979
16976 16977
16976 16980
16976 16982
16976 20245
16976 20246
16976 20249
16978 16885
16978 16970
16979 16970
16979 16980
16979 16981
16980 20248
16981 20239
16981 20248
16982 16983
16983 16830
16983 20249
16984 13707
16984 13709
16984 16872
16985 13709
16985 16872
16985 16986
16985 16988
16986 13722
16986 16987
16987 16988
16987 16989
16987 16991
16987 16994
16987 16995
16988 16879
16989 16835
16989 16836
16989 16990
16990 16994
16991 16836
16991 16992
16991 16993
16992 13717
16992 16995
16993 13717
16994 16879
16995 13721
16995 13722
16996 13717
16996 13724
614 468
614 469
614 615
614 616
615 647
616 617
616 645
616 647
616 648
617 469
617 618
617 620
618 619
619 620
619 625
619 646
620 645
624 625
624 635
624 636
624 640
625 626
625 627
626 477
626 646
627 477
627 640
628 629
628 631
628 632
628 634
629 630
629 686
630 631
630 661
630 687
630 692
630 3953
630 3954
630 4002
631 660
632 633
632 639
632 660
632 662
633 634
633 635
633 636
634 642
634 686
634 688
635 642
636 639
639 666
640 641
640 642
641 477
641 695
642 690
642 695
17026 16891
17026 16892
17026 17027
17026 17028
17028 17029
17028 17056
17028 17058
17028 17059
17029 16892
17029 17030
17029 17032
645 651
17031 17030
17031 17032
17031 17037
17031 17057
648 649
648 651
650 649
650 651
17036 17037
17036 17046
17036 17047
17036 17051
17038 16900
17038 17037
17038 17057
17039 16900
17039 17037
17039 17051
17040 17041
17040 17042
17040 17043
17040 17045
17041 13775
17041 17089
660 661
660 663
17044 17043
17044 17045
17044 17046
17044 17047
662 663
662 664
662 666
17046 17053
661 3983
665 664
665 666
17050 17043
17050 17047
17050 17075
17051 17052
17051 17053
17052 16900
17052 17096
17053 17045
17053 17093
17053 17096
664 676
17056 17032
17056 17062
17057 16922
17058 16799
17058 16801
17058 17027
17059 16801
17059 17060
17059 17062
676 663
676 3985
17061 17060
17061 17062
679 680
679 681
680 447
680 3996
681 682
681 693
681 3996
681 3997
683 539
683 682
683 684
682 685
685 684
685 693
686 684
686 687
17071 13806
17071 13808
17071 17042
17071 17043
688 684
688 689
688 690
17072 13808
17072 17043
17072 17073
17072 17075
17074 17073
17074 17075
691 684
691 687
691 692
691 693
684 694
694 538
694 539
694 689
17073 13821
692 4006
17084 13825
17084 13826
17084 16949
17085 13826
17085 16949
17085 17086
17085 17088
17086 16962
17086 17087
17087 17088
17087 17089
17087 17091
17087 17094
17087 17095
17088 13838
17089 17045
17089 17090
17090 13775
17090 17094
17091 17045
17091 17092
17091 17093
17092 17095
17094 13837
17094 13838
17095 16961
17095 16962
730 467
730 471
730 731
730 732
731 763
732 733
732 761
732 763
732 764
733 471
733 734
733 736
734 735
735 736
735 741
735 762
736 761
740 741
740 751
740 752
740 756
741 742
741 743
742 482
742 762
743 482
743 756
744 745
744 747
744 748
744 750
745 746
745 802
746 747
746 777
746 803
746 808
746 23672
746 23673
746 23721
17131 16890
17131 16894
17131 17132
17131 17133
747 776
749 748
749 750
749 751
749 752
17134 16894
17134 17133
17134 17135
17134 17137
751 758
17136 17135
17136 17137
17136 17142
17136 17163
17132 17164
748 755
748 776
748 778
755 752
755 782
17135 16926
17141 17142
17141 17152
17141 17153
17141 17157
758 750
758 756
758 806
758 811
17143 16905
17143 17142
17143 17163
17144 16905
17144 17142
17144 17157
761 767
17145 17146
17145 17148
17145 17149
17145 17151
17147 17146
17147 17148
17147 17178
17147 17204
17147 17209
17147 20429
17147 20430
17147 20478
764 765
764 767
757 482
757 756
757 811
766 765
766 767
17150 17149
17150 17151
17150 17152
17150 17153
17152 17159
17146 17203
17156 17149
17156 17153
17156 17183
17148 17177
17158 16905
17158 17157
17158 17212
17159 17151
17159 17157
17159 17207
17159 17212
776 777
776 779
778 779
778 780
778 782
17162 17133
17162 17137
17162 17168
17164 17133
781 780
781 782
17165 17133
17165 17166
17165 17168
17167 17166
17167 17168
17163 16926
777 23702
780 792
792 779
792 23704
17177 17149
17177 17178
17177 17180
17178 20459
17179 17149
17179 17180
17179 17181
17179 17183
796 429
796 795
796 23715
797 795
797 798
797 809
797 23715
797 23716
17182 17181
17182 17183
799 520
799 798
799 800
801 798
801 800
801 809
802 750
802 800
802 803
804 750
804 800
804 805
804 806
17181 17193
807 800
807 803
807 808
807 809
800 810
17193 17180
17193 20461
810 519
810 520
810 805
17196 16928
17196 16930
17196 17197
17196 17198
17197 16853
17197 20472
17198 17199
17198 17210
17198 20472
17198 20473
17200 16943
17200 17199
17200 17201
808 23725
17202 17199
17202 17201
17202 17210
17203 17151
17203 17201
17203 17204
17199 16930
17205 17151
17205 17201
17205 17206
17205 17207
17201 17208
17201 17211
17204 17208
17208 17209
17208 17210
17209 20482
17211 16942
17211 16943
17211 17206
17210 20476
17210 20482
10132 10144
10132 10145
10137 10138
10137 10140
10137 10141
10137 10143
10138 10139
10138 10216
10139 10140
10139 10217
10139 10255
10139 10346
10139 10347
10139 10483
10139 10588
10140 10254
10141 10142
10141 10148
10141 10254
10141 10256
10142 10143
10142 10144
10142 10145
10143 10151
10143 10216
10143 10218
10144 10151
10145 10148
10148 10260
10151 10222
10216 10217
10216 10219
10217 10620
10218 10219
10218 10220
10218 10222
10219 10232
10219 10620
10219 10621
10220 10221
10220 10232
10221 10222
10232 10622
10254 10255
10254 10257
10255 10514
10256 10257
10256 10258
10256 10260
10257 10270
10257 10514
10257 10515
10258 10259
10258 10270
10259 10260
10270 10516
10273 7002
10273 7003
10273 10274
10273 10276
10274 13545
10275 7003
10275 10276
10275 10277
10275 10279
10276 10306
10276 13545
10276 13548
10277 10278
10277 10306
10278 10279
10278 10280
10278 10284
10278 10303
10278 10304
10279 7033
10280 10281
10280 10282
10280 10283
10281 7010
10281 10303
10282 7010
10282 10297
10283 10284
10283 10295
10283 10296
10283 10297
10283 10300
10284 10285
10284 10287
10285 10286
10285 10304
10286 10287
10286 10301
10286 10305
10286 10439
10286 13558
10286 13559
10286 13573
10287 10300
10288 10289
10288 10291
10288 10292
10288 10294
10289 10290
10289 10428
10290 10291
10290 10318
10290 10319
10290 10334
10290 10340
10290 10429
10290 10446
10291 10445
10292 10293
10292 10299
10292 10445
10292 10447
10293 10294
10293 10295
10293 10296
10294 10302
10294 10428
10294 10430
10295 10302
10296 10299
10297 10298
10297 10299
10298 7010
10298 10452
10299 10449
10299 10452
10300 10301
10300 10302
10301 10438
10302 10433
10302 10438
10303 7032
10303 7033
10304 10305
10304 10306
10305 13578
10306 13549
10306 13578
10307 10308
10307 10310
10307 10311
10307 10313
10308 10309
10308 10383
10309 10310
10309 10384
10309 10422
10309 10653
10309 13580
10309 13581
10309 13656
10310 10421
10311 10312
10311 10341
10311 10421
10311 10423
10312 10313
10312 10314
10312 10316
10313 10344
10313 10383
10313 10385
10314 10315
10314 10344
10315 10316
10315 10317
10315 10321
10315 10339
10315 10342
10316 10341
10317 10318
10317 10319
10317 10320
10318 10339
10319 10333
10320 10321
10320 10331
10320 10332
10320 10333
10320 10336
10321 10322
10321 10324
10322 10323
10322 10342
10323 10324
10323 10337
10323 10343
10323 10364
10323 10365
10323 10391
10323 10410
10324 10336
10325 10326
10325 10327
10325 10328
10325 10330
10326 7054
10326 10402
10327 7054
10327 10440
10328 10329
10328 10335
10328 10440
10328 10441
10329 10330
10329 10331
10329 10332
10330 10338
10330 10402
10330 10404
10331 10338
10332 10335
10333 10334
10333 10335
10334 10450
10335 10444
10335 10450
10336 10337
10336 10338
10337 10415
10338 10408
10338 10415
10339 10340
10339 10341
10340 10434
10341 10427
10341 10434
10342 10343
10342 10344
10343 10396
10344 10389
10344 10396
10345 10346
10345 10347
10345 10348
10345 10350
10346 10587
10347 10482
10348 10349
10348 10379
10348 10482
10348 10485
10349 10350
10349 10351
10349 10353
10350 10382
10350 10587
10350 10590
10351 10352
10351 10382
10352 10353
10352 10354
10352 10359
10352 10377
10352 10380
10353 10379
10354 10355
10354 10357
10354 10358
10355 10356
10355 10377
10356 10357
10356 10372
10356 10378
10356 10420
10356 10494
10356 10495
10356 10508
10357 10371
10358 10359
10358 10369
10358 10370
10358 10371
10358 10374
10359 10360
10359 10362
10360 10361
10360 10380
10361 10362
10361 10375
10361 10381
10361 10401
10361 10599
10361 10600
10361 10614
10362 10374
10363 10364
10363 10365
10363 10366
10363 10368
10364 10390
10365 10409
10366 10367
10366 10373
10366 10409
10366 10411
10367 10368
10367 10369
10367 10370
10368 10376
10368 10390
10368 10392
10369 10376
10370 10373
10371 10372
10371 10373
10372 10419
10373 10414
10373 10419
10374 10375
10374 10376
10375 10400
10376 10395
10376 10400
10377 10378
10377 10379
10378 10513
10379 10486
10379 10513
10380 10381
10380 10382
10381 10619
10382 10591
10382 10619
10383 10384
10383 10386
10384 10652
10385 10386
10385 10387
10385 10389
10386 10399
10386 10652
10386 10655
10387 10388
10387 10399
10388 10389
10388 10390
10388 10392
10388 10396
10388 10397
10390 10391
437 435
437 440
10392 10393
10392 10395
10393 10394
10393 10397
10394 10395
10394 10398
10394 10400
10394 10662
10394 10663
10394 10668
10396 10391
10397 10398
10397 10399
10398 10667
10400 10401
10401 10668
10402 10403
10402 10405
10403 7054
10403 10540
10404 10405
10404 10406
10404 10408
10405 10418
10405 10540
10405 10541
10406 10407
10406 10418
10407 10408
10407 10409
10407 10411
10407 10415
10407 10416
10409 10410
10410 10415
10411 10412
10411 10414
10412 10413
10412 10416
10413 10414
10413 10417
10413 10419
10413 10548
10413 10549
10413 10552
10416 10417
10416 10418
10417 10551
10418 10542
10418 10551
10419 10420
10420 10552
10421 10422
10421 10424
10422 13693
10423 10424
10423 10425
10423 10427
10424 10437
10424 13693
10424 13694
10425 10426
10425 10437
10426 10427
10426 10428
10426 10430
10426 10434
10426 10435
10428 10429
10429 10434
10430 10431
10430 10433
10431 10432
10431 10435
10432 10433
10432 10436
10432 10438
10432 13701
10432 13702
10432 13705
10435 10436
10435 10437
10436 13704
10437 13695
10437 13704
10438 10439
10439 13705
10440 7163
10440 7165
10441 7165
10441 10442
10441 10444
10442 7178
10442 10443
10443 10444
10443 10445
10443 10447
10443 10450
10443 10451
10445 10446
10446 10450
10447 10448
10447 10449
10448 7173
10448 10451
10449 7173
10451 7177
10451 7178
10452 7173
10452 7180
3710 3596
3710 3597
3710 3711
3710 3713
3711 3595
3711 3970
10482 10483
10482 10484
10483 10514
10484 10485
10484 10512
10484 10514
10484 10515
10485 10486
10485 10488
3712 3597
3712 3713
3712 3714
3712 3716
10487 10486
10487 10488
10487 10493
10487 10513
10488 10512
456 567
3713 3726
3713 3970
3713 3971
10492 10493
10492 10502
10492 10503
10492 10507
10493 10494
10493 10495
10494 10513
10495 10507
10496 10497
10496 10498
10496 10499
10496 10501
10497 7231
10497 10545
10498 7231
10498 10527
10499 10500
10499 10506
10499 10527
10499 10528
10500 10501
10500 10502
10500 10503
3715 3714
3715 3716
10502 10509
10503 10506
10501 10509
10501 10545
10501 10547
10506 10531
10507 10508
10507 10509
10508 10552
10509 10549
10509 10552
3716 3604
10512 10518
10515 10516
10515 10518
10517 10516
10517 10518
10527 7262
10527 7264
10528 7264
10528 10529
10528 10531
10529 7277
10529 10530
10530 10531
10540 7281
10540 7282
10541 7282
10541 10542
10541 10544
10542 10543
10543 10544
10543 10545
10543 10547
10543 10550
10543 10551
10544 7294
10545 10546
10546 7231
10546 10550
10547 10548
10547 10549
10550 7293
10550 7294
10551 10548
3726 3714
3726 3972
6983 6868
6983 6982
6983 7248
6985 6982
6985 6984
6985 6998
6985 7248
6985 7249
6986 6984
6986 6987
6986 6998
6988 6877
6988 6984
6988 6987
10587 10588
10587 10589
10588 10620
10589 10590
10589 10618
10589 10620
10589 10621
10590 10591
10590 10593
10591 10592
10592 10593
10592 10598
10592 10619
10593 10618
10597 10598
10597 10608
10597 10609
10597 10613
10598 10599
10598 10600
10599 10619
10600 10613
10601 10602
10601 10604
10601 10605
10601 10607
10602 10603
10602 10659
10603 10604
10603 10634
10603 10660
10603 10665
10603 13885
10603 13886
10603 13934
10604 10633
10605 10606
10605 10612
10605 10633
10605 10635
10606 10607
10606 10608
10606 10609
10607 10615
10607 10659
10607 10661
10608 10615
10609 10612
10612 10639
10613 10614
10613 10615
10614 10668
10615 10663
10615 10668
10618 10624
10621 10622
10621 10624
3739 3736
3739 3740
3739 3751
3739 3752
3739 3753
3739 3756
10623 10622
10623 10624
3741 3740
3741 3742
3741 3760
10633 10634
10633 10636
6998 7250
10635 10636
10635 10637
10635 10639
3742 3743
3742 3757
3742 3761
3742 3895
3742 7014
3742 7015
3742 7029
10634 13915
10638 10637
10638 10639
10637 10649
10636 10649
10636 13915
10636 13916
10649 13917
3745 3744
3745 3746
3745 3884
10652 10653
10652 10654
10653 13928
10654 10655
10654 10666
10654 13928
10654 13929
10655 10656
10655 10658
10656 10399
10656 10657
10657 10658
10657 10659
10657 10661
10657 10664
10657 10667
10658 10666
10659 10660
10660 10664
10661 10662
10661 10663
10662 10667
10664 10665
10664 10666
10665 13938
10667 10399
10666 13932
10666 13938
3751 3749
3751 3758
3752 3749
3752 3755
7013 7006
7013 7012
7013 7014
7013 7015
3763 3764
3763 3766
3763 3767
3763 3769
3764 3765
3764 3839
3765 3766
3765 3840
3765 3878
3765 4109
3765 7036
3765 7037
3765 7112
3766 3877
3768 3767
3768 3769
3768 3770
3768 3772
3771 3770
3771 3772
3771 3773
3771 3777
3771 3795
3771 3798
16798 16799
16798 16801
429 23390
429 23391
429 23465
16800 16801
16800 16802
3776 3773
3776 3777
3776 3787
3776 3788
3776 3789
3776 3792
16802 16803
3778 3777
3778 3779
3778 3798
7035 7036
7035 7037
7035 7038
7035 7040
3780 3777
3780 3779
3780 3792
3781 3782
3781 3783
3781 3784
3781 3786
7039 7038
7039 7040
7039 7041
7039 7043
3785 3784
3785 3786
3785 3787
3785 3788
7042 7041
7042 7043
7042 7044
7042 7048
7042 7067
7042 7070
3787 3794
7047 7044
7047 7048
7047 7059
7047 7060
7047 7061
7047 7064
3791 3784
3791 3788
3791 3789
3791 3900
3791 3906
7049 7048
7049 7050
7049 7070
3793 3779
3793 3792
3793 3871
3794 3786
3794 3792
3794 3864
3794 3871
7051 7048
7051 7050
7051 7064
7052 7053
7052 7055
7052 7056
7052 7058
3797 3767
3797 3772
3797 3795
3797 3883
3797 3890
7054 7053
7054 7055
7054 7131
7054 7163
7054 7281
16824 16826
16824 16827
3799 3779
3799 3798
3799 3852
3800 3769
3800 3770
3800 3798
3800 3845
3800 3852
16826 13554
16826 16841
7057 7056
7057 7058
7057 7059
7057 7060
16827 16828
16827 16839
16827 16840
16827 16841
16827 16844
3802 3595
3802 3801
3802 4043
17042 13775
3803 3595
3803 3801
3803 3938
7060 7063
16830 20102
16830 20103
16830 20117
3804 3801
3804 3805
3804 3835
3804 3938
3804 3941
3806 3801
3806 3805
3806 3838
3806 4043
3806 4046
7063 7056
7063 7061
7063 7168
7063 7175
3807 3805
3807 3808
3807 3838
7065 7050
7065 7064
7065 7143
3809 3805
3809 3808
3809 3835
7066 7058
7066 7059
7066 7064
7066 7136
7066 7143
3810 3808
3810 3811
3810 3813
3810 3814
3812 3811
3812 3813
3812 3828
3812 3834
3812 3876
3812 3950
3812 3951
3812 3964
7069 7038
7069 7043
7069 7067
7069 7153
7069 7159
558 23504
558 23513
7071 7050
7071 7070
7071 7124
3815 3808
3815 3814
3815 3816
3815 3818
7072 7040
7072 7041
7072 7070
7072 7117
7072 7124
3817 3816
3817 3818
3817 3831
3817 3837
3817 3857
3817 4055
3817 4056
3817 4070
7074 6868
7074 7073
7074 7326
7075 6868
7075 7073
7075 7215
563 565
563 567
7076 7073
7076 7077
7076 7107
7076 7215
7076 7218
23558 23227
23558 23557
23558 23589
3820 3779
3820 3819
3820 3846
3821 3779
3821 3819
3821 3865
565 566
565 577
7078 7073
7078 7077
7078 7110
7078 7326
7078 7329
3822 3819
3822 3823
3822 3829
3822 3865
3822 3867
566 567
7079 7077
7079 7080
7079 7110
3824 3819
3824 3823
3824 3832
3824 3846
3824 3848
7081 7077
7081 7080
7081 7107
23559 23557
23559 23560
23559 23587
23559 23589
23559 23590
3825 3814
3825 3823
3825 3832
16851 16857
7082 7080
7082 7083
7082 7085
7082 7086
3826 3814
3826 3823
3826 3829
3827 3813
3827 3814
3827 3828
3827 3829
16853 16928
16853 20124
16853 20125
16853 20200
7084 7083
7084 7085
7084 7100
7084 7106
7084 7148
7084 7227
7084 7228
7084 7242
3830 3814
3830 3818
3830 3831
3830 3832
16856 16857
7087 7080
7087 7086
7087 7088
7087 7090
16857 16888
16857 16927
16857 16929
20114 20098
20114 20113
20114 20267
7089 7088
7089 7090
7089 7103
7089 7109
7089 7129
7089 7338
7089 7339
7089 7352
20115 20108
20115 20112
20115 20113
20115 20262
20115 20267
3833 3808
3833 3811
3833 3834
3833 3835
577 3898
577 3907
20117 20116
20117 20249
7092 7050
7092 7091
7092 7118
3836 3808
3836 3816
3836 3837
3836 3838
4061 4057
4061 4062
4061 4068
4061 4089
4061 4091
7093 7050
7093 7091
7093 7137
7094 7091
7094 7095
7094 7101
7094 7137
7094 7139
16864 16876
3839 3769
3839 3840
3839 3842
7096 7091
7096 7095
7096 7104
7096 7118
7096 7120
7097 7086
7097 7095
7097 7104
20123 20124
20123 20125
20123 20126
20123 20128
3841 3769
3841 3842
3841 3843
3841 3845
7098 7086
7098 7095
7098 7101
20124 20199
7099 7085
7099 7086
7099 7100
7099 7101
20125 20237
16869 16872
20126 20127
20126 20157
20126 20237
20126 20238
3844 3843
3844 3845
3844 3846
3844 3848
3844 3852
3844 3853
23563 23560
23563 23562
23563 23587
20127 20128
20127 20129
20127 20131
7102 7086
7102 7090
7102 7103
7102 7104
20128 20160
20128 20199
20128 20201
16872 16873
16872 16879
23385 23384
23385 23514
20129 20130
20129 20160
3847 3779
3847 3846
3847 3852
23386 23378
23386 23379
23386 23384
23386 23511
23386 23514
16873 16876
20130 20131
20130 20132
20130 20136
20130 20155
20130 20158
23387 20120
23387 20121
23387 23363
23387 23366
7105 7080
7105 7083
7105 7106
7105 7107
20131 20157
3849 3848
3849 3850
3849 3853
23388 23363
23388 23370
16876 16879
23389 23390
23389 23391
23389 23392
23389 23394
3851 3832
3851 3848
3851 3850
23390 23464
7108 7080
7108 7088
7108 7109
7108 7110
23391 23502
7283 7133
7283 7282
7283 7284
7283 7286
20135 20132
20135 20136
20135 20147
20135 20148
20135 20149
20135 20152
3853 3854
3853 3855
23392 23393
23392 23422
23392 23502
23392 23503
20136 20137
20136 20139
3854 3850
3854 4123
23393 23394
23393 23395
23393 23397
7111 7036
7111 7040
7111 7112
7111 7114
20137 20138
20137 20158
3855 3842
3855 3843
3855 4112
3855 4123
23394 23425
23394 23464
23394 23466
20138 20139
20138 20153
20138 20159
20138 20180
20138 20181
20138 20207
20138 20226
3856 3831
3856 3832
3856 3850
3856 3857
16882 16952
23395 23396
23395 23425
7113 7040
7113 7114
7113 7115
7113 7117
20139 20152
23396 23397
23396 23398
23396 23402
23396 23420
23396 23423
7114 7127
7114 7384
7114 7385
20140 20141
20140 20143
20140 20144
20140 20146
3858 3782
3858 3786
3858 3859
3858 3861
23397 23422
20141 20142
20141 20218
7116 7115
7116 7117
7116 7118
7116 7120
7116 7124
7116 7125
20142 20143
20142 20219
20142 20251
20142 20369
20142 23407
20142 23408
20142 23484
3860 3786
3860 3861
3860 3862
3860 3864
20143 20250
23400 23374
23400 23398
23400 23414
16888 16933
23401 23398
23401 23402
23401 23412
23401 23413
23401 23414
23401 23417
7119 7050
7119 7118
7119 7124
7285 7284
7285 7286
7285 7287
7285 7289
7285 7292
7285 7295
20145 20144
20145 20146
20145 20147
20145 20148
3863 3862
3863 3864
3863 3865
3863 3867
3863 3871
3863 3872
23402 23403
23402 23405
447 3782
447 3783
447 3859
23403 23404
23403 23423
7121 7120
7121 7122
7121 7125
20147 20154
3997 3861
3997 3998
3997 4000
23404 23405
23404 23418
23404 23424
23404 23445
23404 23446
23404 23472
23404 23491
7122 7123
7122 7126
7122 7128
7122 7392
7122 7393
7122 7396
20148 20151
3866 3779
3866 3865
3866 3871
23405 23417
7123 7104
7123 7120
3867 3868
3867 3870
23406 23407
23406 23408
23406 23409
23406 23411
3868 3869
3868 3872
16894 16926
23407 23483
20151 20144
20151 20149
20151 20256
20151 20263
3869 3870
3869 3873
3869 3875
3869 4004
3869 4005
3869 4008
16895 16926
23408 23515
7126 7125
7126 7395
3870 3829
23409 23410
23409 23416
23409 23515
23409 23516
7127 7115
7127 7125
7127 7386
7127 7395
20153 20152
20153 20231
23410 23411
23410 23412
23410 23413
7128 7103
7128 7104
7128 7129
20154 20146
20154 20152
20154 20224
20154 20231
3872 3873
3872 3874
23411 23419
23411 23483
23411 23485
16898 16901
3873 4007
23412 23419
7130 7053
7130 7058
7130 7131
7130 7133
3874 3861
3874 3862
3874 3998
3874 4007
23413 23416
16900 16901
16900 16916
16900 16922
20157 20155
20157 20241
20157 20247
3875 3828
3875 3829
3875 3876
16901 16915
7132 7058
7132 7133
7132 7134
7132 7136
23415 23374
23415 23414
23415 23525
20159 20158
20159 20212
3877 3767
3877 3878
3877 3880
7134 7135
7134 7146
23416 23414
23416 23519
23416 23525
20160 20158
20160 20205
20160 20212
3878 7149
7135 7136
7135 7137
7135 7139
7135 7143
7135 7144
3879 3767
3879 3880
3879 3881
3879 3883
23418 23417
23418 23496
20162 19956
20162 20161
20162 20414
3880 3893
3880 7149
3880 7150
23419 23417
23419 23489
23419 23496
20163 19956
20163 20161
20163 20303
3881 3882
3881 3893
7138 7050
7138 7137
7138 7143
20164 20161
20164 20165
20164 20195
20164 20303
20164 20306
3882 3883
3882 3884
3882 3886
3882 3890
3882 3891
16908 16934
16909 16953
23422 23420
23422 23506
23422 23512
7140 7139
7140 7141
7140 7144
20166 20161
20166 20165
20166 20198
20166 20414
20166 20417
23423 23424
23423 23425
16910 16953
20167 20165
20167 20168
20167 20198
23424 23477
7142 7101
7142 7139
7142 7141
16912 16934
23425 23470
23425 23477
20169 20165
20169 20168
20169 20195
20170 20168
20170 20171
20170 20173
20170 20174
23427 23227
23427 23426
23427 23657
16915 16916
23428 23227
23428 23426
23428 23557
7146 7133
7146 7144
7146 7284
7146 7295
20172 20171
20172 20173
20172 20188
20172 20194
20172 20236
20172 20315
20172 20316
20172 20330
16916 16963
23429 23426
23429 23430
23429 23460
23429 23557
23429 23560
7147 7100
7147 7101
7147 7141
7147 7148
23431 23426
23431 23430
23431 23463
23431 23657
23431 23660
20175 20168
20175 20174
20175 20176
20175 20178
23432 23430
23432 23433
23432 23463
7150 7038
7150 7151
7150 7153
20177 20176
20177 20178
20177 20191
20177 20197
20177 20217
20177 20426
20177 20427
20177 20440
16921 16922
23434 23430
23434 23433
23434 23460
7152 7151
7152 7153
7152 7154
7152 7156
7152 7159
7152 7160
23435 23433
23435 23436
23435 23438
23435 23439
3897 3784
3897 3898
3897 3900
20180 20179
20180 20206
16924 16926
23437 23436
23437 23438
23437 23453
23437 23459
23437 23501
23437 23569
23437 23570
23437 23583
20181 20179
20181 20225
20182 20179
20182 20183
20182 20189
20182 20225
20182 20227
16927 16928
16927 16930
23440 23433
23440 23439
23440 23441
23440 23443
20184 20179
20184 20183
20184 20192
20184 20206
20184 20208
20185 20174
20185 20183
20185 20192
16929 16930
16929 16931
16929 16933
23442 23441
23442 23443
23442 23456
23442 23462
23442 23482
23442 23669
23442 23670
23442 23683
20186 20174
20186 20183
20186 20189
16930 16943
20187 20173
20187 20174
20187 20188
20187 20189
16931 16932
16931 16943
16932 16933
16932 16934
23445 23444
23445 23471
23446 23444
23446 23490
20190 20174
20190 20178
20190 20191
20190 20192
16934 16935
23447 23444
23447 23448
23447 23454
23447 23490
23447 23492
23449 23444
23449 23448
23449 23457
23449 23471
23449 23473
20193 20168
20193 20171
20193 20194
20193 20195
23450 23439
23450 23448
23450 23457
23451 23439
23451 23448
23451 23454
23452 23438
23452 23439
23452 23453
23452 23454
20196 20168
20196 20176
20196 20197
20196 20198
3999 3998
3999 4000
3999 4001
3999 4003
3999 4006
3999 4007
23455 23439
23455 23443
23455 23456
23455 23457
20199 20200
20199 20202
4069 4053
4069 4056
4069 4070
4069 4071
20201 20202
20201 20203
20201 20205
663 3983
663 3984
23458 23433
23458 23436
23458 23459
23458 23460
16946 16949
7178 7165
7178 7166
7178 7176
20204 20203
20204 20205
20204 20206
20204 20208
20204 20212
20204 20213
16948 16949
16948 16950
16948 16952
23461 23433
23461 23441
23461 23462
23461 23463
16949 16962
16950 16951
16950 16962
20207 20206
20207 20212
16951 16952
16951 16953
23464 23465
23464 23467
20323 20317
20323 20322
20323 20331
20323 20375
20323 20377
20209 20208
20209 20210
20209 20213
16953 16954
23466 23467
23466 23468
23466 23470
20211 20192
20211 20208
20211 20210
23469 23468
23469 23470
23469 23471
23469 23473
23469 23477
23469 23478
20214 20210
20214 20213
20214 20483
20215 20202
20215 20203
20215 20213
20215 20474
20215 20483
23472 23471
23472 23477
20216 20191
20216 20192
20216 20210
20216 20217
23474 23473
23474 23475
23474 23478
20218 20146
20218 20219
20218 20221
23475 23476
23475 23479
23475 23481
23475 23723
23475 23724
23475 23727
23476 23457
23476 23473
20220 20146
20220 20221
20220 20222
20220 20224
3939 3595
3939 3938
3939 3970
4044 3595
4044 4043
4044 4076
23479 23478
23479 23726
4065 4053
4065 4062
4065 4068
20223 20222
20223 20224
20223 20225
20223 20227
20223 20231
20223 20232
23480 23467
23480 23468
23480 23478
23480 23717
23480 23726
23481 23456
23481 23457
23481 23482
20226 20225
20226 20231
3944 3941
3944 3943
3944 3968
23483 23484
23483 23486
4045 4043
4045 4046
4045 4074
4045 4076
4045 4077
20228 20227
20228 20229
20228 20232
23485 23486
23485 23487
23485 23489
20230 20189
20230 20227
20230 20229
23487 23488
23487 23499
3949 3943
3949 3948
3949 3950
3949 3951
23488 23489
23488 23490
23488 23492
23488 23496
23488 23497
693 4000
693 4006
20233 20229
20233 20232
20233 20383
20234 20221
20234 20222
20234 20232
20234 20372
20234 20383
23491 23490
23491 23496
20235 20188
20235 20189
20235 20229
20235 20236
20236 20384
3954 3952
3954 3983
23493 23492
23493 23494
23493 23497
3955 3952
3955 3956
3955 3962
3955 3983
3955 3984
20238 20239
20238 20241
23495 23454
23495 23492
23495 23494
20239 20240
3957 3952
3957 3956
3957 3965
3957 4001
3957 4003
20240 20241
20240 20242
20240 20244
20240 20247
20240 20248
3959 3948
3959 3956
3959 3962
23498 23494
23498 23497
23498 23626
23499 23486
23499 23497
23499 23617
23499 23626
23500 23453
23500 23454
23500 23494
23500 23501
7219 7107
7219 7218
7219 7220
3963 3948
3963 3951
3963 3964
3963 3965
4049 4046
4049 4048
4049 4074
23503 23504
23503 23506
7221 7218
7221 7220
7221 7246
19949 19961
19949 19962
23504 23505
19954 19955
19954 19957
19954 19958
19954 19960
19955 19956
19955 20032
19956 19957
19956 20033
19956 20071
19956 20304
19956 20415
23505 23506
23505 23507
23505 23509
23505 23512
23505 23513
19957 20070
19959 19958
19959 19960
19959 19961
19959 19962
19958 19965
19958 20070
19958 20072
19961 19968
19962 19965
19960 19968
19960 20032
19960 20034
19965 20076
20250 20144
20250 20251
20250 20253
19968 20038
3588 3600
3588 3601
20252 20144
20252 20253
20252 20254
20252 20256
3593 3594
3593 3596
3593 3597
3593 3599
20253 20266
20253 23515
20253 23516
3595 3594
3595 3596
3595 3673
3594 3672
3598 3597
3598 3599
3598 3600
3598 3601
20254 20255
20254 20266
3600 3607
3597 3604
3601 3604
3599 3607
3599 3672
3599 3674
20255 20256
20255 20257
20255 20259
20255 20263
20255 20264
3607 3678
23515 20251
7233 7229
7233 7234
7233 7240
7233 7261
7233 7263
23516 23517
23516 23519
23517 20266
23517 23518
7235 7229
7235 7234
7235 7243
7235 7287
7235 7289
23518 23519
23518 23520
23518 23522
23518 23525
23518 23526
7237 7225
7237 7234
7237 7240
20032 20033
20032 20035
20033 20446
20034 20035
20034 20036
20034 20038
20035 20048
20035 20446
20035 20447
20036 20037
20036 20048
20037 20038
20266 20264
20266 23526
20048 20448
3672 3673
3672 3675
3673 4076
3674 3675
3674 3676
3674 3678
3675 3688
3675 4076
3675 4077
3676 3677
3676 3688
3677 3678
20070 20071
20070 20073
20071 20336
20072 20073
20072 20074
20072 20076
3688 4078
20074 20075
20074 20086
20075 20076
20073 20086
20073 20336
20073 20337
20086 20338
20089 20090
20089 20091
20090 23360
20091 20092
20091 20121
20091 23360
20091 23361
20092 20093
20092 20095
20093 20094
20094 20095
20094 20096
20094 20101
20094 20119
20094 20122
20095 20121
20096 20097
20096 20099
20096 20100
20097 20098
20097 20119
20098 20099
20098 20120
20098 20268
20098 23366
20098 23367
20098 23382
20099 20113
20100 20101
20100 20111
20100 20112
20100 20113
20100 20116
20101 20102
20101 20103
20102 20122
20103 20116
20104 20105
20104 20107
20104 20108
20104 20110
20105 20106
20105 20242
20106 20107
20106 20133
20106 20134
20106 20150
20106 20156
20106 20243
20106 20258
20107 20257
20108 20109
20108 20257
20108 20259
20109 20110
20109 20111
20109 20112
20110 20118
20110 20242
20110 20244
20111 20118
3729 3730
3729 3732
3730 7001
20116 20118
3731 3732
3731 3733
3731 3735
3732 3762
3732 7001
3732 7004
20119 20120
20119 20121
3736 3734
3736 3737
3736 3738
3733 3734
3733 3762
3734 3735
3734 3740
3734 3759
3734 3760
3740 3743
20121 23364
20118 20246
20118 20249
3737 3759
3738 3753
3747 3744
3747 3746
3747 3901
3748 3744
3748 3749
3748 3755
3748 3901
3748 3903
20133 20132
20133 20155
3750 3744
3750 3749
3750 3758
3750 3884
3750 3886
20134 20132
20134 20149
3743 3756
3746 3774
3746 3775
3746 3790
3746 3796
3746 3885
3746 3902
3753 3754
3753 3755
3754 3908
3755 3905
3755 3908
3756 3757
3756 3758
3757 3894
3758 3889
3758 3894
3761 3760
3761 7034
3762 3760
3762 7005
3762 7034
20149 20150
20150 20263
20155 20156
20156 20247
3773 3774
3773 3775
3774 3795
3775 3789
3783 3896
3789 3790
3790 3906
3784 3896
3795 3796
3796 3890
20194 20335
20195 20307
20195 20335
20197 20445
20198 20418
20198 20445
20200 20472
20202 20472
20202 20473
20210 20480
20210 20481
20210 20484
20217 20484
20221 20368
20221 20371
3834 3969
3835 3942
3835 3969
3840 4108
20219 20368
3837 4075
3838 4047
3838 4075
3842 4108
3842 4111
20229 20378
20229 20379
20229 20384
3850 4118
3850 4119
3850 4124
20242 20243
20243 20247
20244 20245
20244 20246
20245 20248
3857 4124
3859 3996
3861 3996
20257 20258
20258 20263
20259 20260
20259 20262
20260 20261
20260 20264
20261 20262
20261 20265
20261 20267
20261 23523
20261 23524
20261 23527
20264 20265
20265 23526
3876 4008
20267 20268
20268 23527
3884 3885
3886 3887
3886 3889
3887 3888
3887 3891
3888 3889
3888 3892
3888 3894
3888 7157
3888 7158
3888 7161
3890 3885
3891 3892
3891 3893
3892 7160
3894 3895
3895 7161
3893 7151
3893 7160
3898 3899
3899 3900
3899 3901
3899 3903
3899 3906
3899 3907
3901 3902
3902 3906
3903 3904
3903 3905
3904 3907
7288 7231
7288 7287
7288 7292
7290 7141
7290 7289
7290 7295
4063 4057
4063 4062
4063 4071
4063 4115
4063 4117
20303 20304
20303 20305
779 23702
779 23703
20305 20306
20305 20334
20305 20336
20305 20337
20306 20307
20306 20309
20307 20308
20308 20309
20308 20314
20308 20335
20309 20334
20304 20336
20313 20314
20313 20324
20313 20325
20313 20329
20314 20315
20314 20316
20315 20335
20316 20329
20317 20318
20317 20320
20317 20321
20318 20319
20318 20375
20319 20320
20319 20350
20319 20376
20319 20381
20319 23572
20319 23573
20319 23621
20320 20349
20321 20322
20321 20328
20321 20349
20321 20351
20322 20324
20322 20325
3938 3940
20324 20331
3941 3940
3941 3942
3942 3943
3943 3969
20328 20325
20328 20355
20329 20330
20329 20331
20330 20384
20331 20379
20331 20384
3948 3958
3940 3968
3940 3970
3940 3971
20334 20340
3950 3969
3952 3953
20337 20338
20337 20340
20339 20338
20339 20340
3956 3958
3958 3965
3953 4001
3962 3987
3964 4008
3965 4005
3965 4008
20349 20350
20349 20352
20351 20352
20351 20353
20351 20355
3968 3974
20354 20353
20354 20355
3971 3972
3971 3974
3973 3972
3973 3974
20350 23602
20353 20365
4047 4046
4047 4048
20365 20352
20365 23604
3984 3985
3984 3987
20369 20368
20369 23615
3986 3985
3986 3987
20370 20368
20370 20371
20370 20382
20370 23615
20370 23616
20372 20371
20372 20373
20374 20371
20374 20373
20374 20382
20375 20373
20375 20376
20377 20373
20377 20378
20377 20379
20380 20373
20380 20376
20380 20381
20380 20382
20383 20373
20383 20378
4001 4002
20382 23619
20382 23625
4003 4004
4003 4005
20381 23625
4006 4002
4007 4004
4054 4048
4054 4053
4054 4055
4054 4056
20414 20415
20414 20416
20415 20446
20416 20417
20416 20444
20416 20446
20416 20447
20417 20418
20417 20420
20418 20419
20419 20420
20419 20425
20419 20445
4058 4057
4058 4059
4058 4115
20420 20444
20424 20425
20424 20434
20424 20435
20424 20439
20426 20425
20426 20445
20427 20425
20427 20439
20428 20429
20428 20430
20428 20431
20428 20433
4048 4075
20432 20431
20432 20433
20432 20434
20432 20435
20434 20441
20429 20477
4053 4064
20438 20431
20438 20435
20438 20463
4055 4075
4057 4060
20441 20433
20441 20439
20441 20481
20441 20484
4059 4060
4059 4090
4059 4116
4059 4121
4059 7341
4059 7342
4059 7390
20440 20439
20440 20484
20444 20450
4062 4064
20447 20448
20447 20450
20449 20448
20449 20450
4064 4071
4068 4095
4060 4089
4070 4124
4071 4119
4071 4124
809 23719
809 23725
4074 4080
20459 17180
20459 20430
20459 20431
20460 17180
20460 20431
20460 20461
20460 20463
4077 4078
4077 4080
20462 20461
20462 20463
4079 4078
4079 4080
4089 4090
4089 4092
20474 20473
20474 20475
4091 4092
4091 4093
4091 4095
20476 20473
20476 20475
20477 20433
20477 20475
20477 20478
4094 4093
4094 4095
20479 20433
20479 20475
20479 20480
20479 20481
20478 20482
20480 20483
20482 20475
20483 20475
4092 4105
4092 7371
4092 7372
20352 23602
20352 23603
4105 4093
4105 7373
4108 4109
4108 4110
4109 7384
4110 4111
4110 4122
4110 7384
4110 7385
4111 4112
4111 4114
4112 4113
4113 4114
4113 4115
4113 4117
4113 4120
4113 4123
4114 4122
4115 4116
4116 4120
4117 4118
4117 4119
4118 4123
4120 4121
4120 4122
4121 7394
7332 7329
7332 7331
7332 7356
4122 7388
4122 7394
23615 23484
23615 23486
23618 23617
23618 23619
23618 23620
23618 23622
23618 23625
23618 23626
7337 7331
7337 7336
7337 7338
7337 7339
23621 23620
23621 23625
23623 23494
23623 23622
23623 23626
23624 23494
23624 23584
23624 23622
7342 7340
7342 7371
7345 7340
7345 7344
7345 7353
7345 7389
7345 7391
4090 7371
23663 23660
23663 23662
23663 23687
23668 23662
23668 23667
23668 23669
23668 23670
23672 23671
23672 23720
23673 23671
23673 23702
23674 23671
23674 23675
23674 23681
23674 23702
23674 23703
23676 23671
23676 23675
23676 23684
23676 23720
23676 23722
23682 23667
23682 23670
23682 23683
23682 23684
23718 23717
23718 23719
23718 23720
23718 23722
23718 23725
23718 23726
23721 23720
23721 23725
23723 23722
23723 23726
13405 13417
13405 13418
13410 13411
13410 13413
13410 13414
13410 13416
13411 13412
13411 13488
13412 13413
13412 13489
13412 13527
13412 13618
13412 13619
13412 13760
13412 13871
13413 13526
13414 13415
13414 13421
13414 13526
13414 13528
13415 13416
13415 13417
13415 13418
13416 13424
13416 13488
13416 13490
13417 13424
13418 13421
13421 13532
13424 13494
13488 13489
13488 13491
13489 13902
13490 13491
13490 13492
13490 13494
13491 13504
13491 13902
13491 13903
13492 13493
13492 13504
13493 13494
13504 13904
13526 13527
13526 13529
13527 13792
13528 13529
13528 13530
13528 13532
13529 13542
13529 13792
13529 13793
13530 13531
13530 13542
13531 13532
13542 13794
13545 13546
13545 13547
13547 13548
13547 13577
13548 13549
13548 13551
13549 13550
13550 13551
13550 13552
13550 13557
13550 13575
13550 13578
13551 13577
13552 13553
13552 13555
13552 13556
13553 13554
13553 13575
13554 13555
13554 13570
13554 13576
13554 13724
13555 13569
13556 13557
13556 13567
13556 13568
13556 13569
13556 13572
13557 13558
13557 13559
13558 13578
13559 13572
13560 13561
13560 13563
13560 13564
13560 13566
13561 13562
13561 13698
13562 13563
13562 13589
13562 13590
13562 13606
13562 13612
13562 13699
13562 13714
13563 13713
13564 13565
13564 13571
13564 13713
13564 13715
13565 13566
13565 13567
13565 13568
13566 13574
13566 13698
13566 13700
13567 13574
13568 13571
13569 13570
13569 13571
13570 13723
13571 13718
13571 13723
13572 13573
13572 13574
13573 13705
13574 13702
13574 13705
13575 13576
13575 13577
13579 13580
13579 13581
13579 13582
13579 13584
13580 13655
13581 13693
13582 13583
13582 13613
13582 13693
13582 13694
13583 13584
13583 13585
13583 13587
13584 13616
13584 13655
13584 13657
13585 13586
13585 13616
13586 13587
13586 13588
13586 13592
13586 13611
13586 13614
13587 13613
13588 13589
13588 13590
13588 13591
13589 13611
13590 13605
13591 13592
13591 13603
13591 13604
13591 13605
13591 13608
13592 13593
13592 13595
13593 13594
13593 13614
13594 13595
13594 13609
13594 13615
13594 13636
13594 13637
13594 13663
13594 13682
13595 13608
13596 13597
13596 13599
13596 13600
13596 13602
13597 13598
13597 13674
13598 13599
13598 13675
13598 13707
13598 13825
13599 13706
13600 13601
13600 13607
13600 13706
13600 13708
13601 13602
13601 13603
13601 13604
13602 13610
13602 13674
13602 13676
13603 13610
13604 13607
13605 13606
13605 13607
13606 13719
13607 13712
13607 13719
13608 13609
13608 13610
13609 13687
13610 13680
13610 13687
13611 13612
13611 13613
13612 13703
13613 13697
13613 13703
13614 13615
13614 13616
13615 13668
13616 13661
13616 13668
13617 13618
13617 13619
13617 13620
13617 13622
13618 13870
13619 13759
13620 13621
13620 13651
13620 13759
13620 13762
13621 13622
13621 13623
13621 13625
13622 13654
13622 13870
13622 13873
13623 13624
13623 13654
13624 13625
13624 13626
13624 13631
13624 13649
13624 13652
13625 13651
13626 13627
13626 13629
13626 13630
13627 13628
13627 13649
13628 13629
13628 13644
13628 13650
13628 13692
13628 13771
13628 13772
13628 13786
13629 13643
13630 13631
13630 13641
13630 13642
13630 13643
13630 13646
13631 13632
13631 13634
13632 13633
13632 13652
13633 13634
13633 13647
13633 13653
13633 13673
13633 13882
13633 13883
13633 13896
13634 13646
13635 13636
13635 13637
13635 13638
13635 13640
13636 13662
13637 13681
13638 13639
13638 13645
13638 13681
13638 13683
13639 13640
13639 13641
13639 13642
13640 13648
13640 13662
13640 13664
13641 13648
13642 13645
13643 13644
13643 13645
13644 13691
13645 13686
13645 13691
13646 13647
13646 13648
13647 13672
13648 13667
13648 13672
13649 13650
13649 13651
13650 13791
13651 13763
13651 13791
13652 13653
13652 13654
13653 13901
13654 13874
13654 13901
13655 13656
13655 13658
13656 13928
13657 13658
13657 13659
13657 13661
13658 13671
13658 13928
13658 13929
13659 13660
13659 13671
13660 13661
13660 13662
13660 13664
13660 13668
13660 13669
13662 13663
13663 13668
13664 13665
13664 13667
13665 13666
13665 13669
13666 13667
13666 13670
13666 13672
13666 13936
13666 13937
13666 13940
13669 13670
13669 13671
13670 13939
13671 13930
13671 13939
13672 13673
13673 13940
13674 13675
13674 13677
13675 13824
13676 13677
13676 13678
13676 13680
13677 13690
13677 13824
13677 13827
13678 13679
13678 13690
13679 13680
13679 13681
13679 13683
13679 13687
13679 13688
13681 13682
13682 13687
13683 13684
13683 13686
13684 13685
13684 13688
13685 13686
13685 13689
13685 13691
13685 13834
13685 13835
13685 13840
13688 13689
13688 13690
13689 13839
13690 13828
13690 13839
13691 13692
13692 13840
13694 13695
13694 13697
13695 13696
13696 13697
13696 13698
13696 13700
13696 13703
13696 13704
13698 13699
13699 13703
13700 13701
13700 13702
13701 13704
13706 13707
13706 13709
13708 13709
13708 13710
13708 13712
13709 13722
13710 13711
13710 13722
13711 13712
13711 13713
13711 13715
13711 13719
13711 13720
13713 13714
13714 13719
13715 13716
13715 13718
13716 13717
13716 13720
13717 13718
13717 13721
13717 13723
13720 13721
13720 13722
13723 13724
13759 13760
13759 13761
13760 13792
13761 13762
13761 13790
13761 13792
13761 13793
13762 13763
13762 13765
13763 13764
13764 13765
13764 13770
13764 13791
13765 13790
13769 13770
13769 13780
13769 13781
13769 13785
13770 13771
13770 13772
13771 13791
13772 13785
13773 13774
13773 13776
13773 13777
13773 13779
13774 13775
13774 13831
13775 13776
13775 13806
13775 13832
13775 13837
13776 13805
13777 13778
13777 13784
13777 13805
13777 13807
13778 13779
13778 13780
13778 13781
13779 13787
13779 13831
13779 13833
13780 13787
13781 13784
13784 13811
13785 13786
13785 13787
13786 13840
13787 13835
13787 13840
13790 13796
13793 13794
13793 13796
13794 13795
13795 13796
13805 13806
13805 13808
13807 13808
13807 13809
13807 13811
13808 13821
13809 13810
13809 13821
13810 13811
13824 13825
13824 13826
13826 13827
13826 13838
13827 13828
13827 13830
13828 13829
13829 13830
13829 13831
13829 13833
13829 13836
13829 13839
13830 13838
13831 13832
13832 13836
13833 13834
13833 13835
13834 13839
13836 13837
13836 13838
13870 13871
13870 13872
13871 13902
13872 13873
13872 13900
13872 13902
13872 13903
13873 13874
13873 13876
13874 13875
13875 13876
13875 13881
13875 13901
13876 13900
13880 13881
13880 13890
13880 13891
13880 13895
13881 13882
13881 13883
13882 13901
13883 13895
13884 13885
13884 13886
13884 13887
13884 13889
13885 13933
13886 13915
13887 13888
13887 13894
13887 13915
13887 13916
13888 13889
13888 13890
13888 13891
13889 13897
13889 13933
13889 13935
13890 13897
13891 13894
13894 13919
13895 13896
13895 13897
13896 13940
13897 13937
13897 13940
13900 13906
13903 13904
13903 13906
13904 13905
13905 13906
13916 13917
13916 13919
13917 13918
13918 13919
13929 13930
13929 13932
13930 13931
13931 13932
13931 13933
13931 13935
13931 13938
13931 13939
13933 13934
13934 13938
13935 13936
13935 13937
13936 13939
23220 23232
23220 23233
23225 23226
23225 23228
23225 23229
23225 23231
23226 23227
23226 23303
23227 23228
23227 23304
23227 23342
23227 23658
23228 23341
23229 23230
23229 23236
23229 23341
23229 23343
23230 23231
23230 23232
23230 23233
23231 23239
23231 23303
23231 23305
23232 23239
23233 23236
23236 23347
23239 23309
6861 6873
6861 6874
6866 6867
6866 6869
6866 6870
6866 6872
6867 6868
6867 6944
6868 6869
6868 6945
6868 7216
6868 7327
6869 6982
6870 6871
6870 6877
6870 6982
6870 6984
6871 6872
6871 6873
6871 6874
6872 6880
6872 6944
6872 6946
6873 6880
6874 6877
6880 6950
23303 23304
23303 23306
23304 23689
23305 23306
23305 23307
23305 23309
23306 23319
23306 23689
23306 23690
23307 23308
23307 23319
23308 23309
23319 23691
6944 6945
6944 6947
6945 7358
6946 6947
6946 6948
6946 6950
6947 6960
6947 7358
6947 7359
6948 6949
6948 6960
6949 6950
23341 23342
23341 23344
23342 23589
23343 23344
23343 23345
23343 23347
6960 7360
23345 23346
23345 23357
23346 23347
23344 23357
23344 23589
23344 23590
23357 23591
23361 23362
23361 23364
23362 23363
23363 23364
23363 23365
23363 23369
23365 23366
23365 23367
23365 23368
23367 23381
23368 23369
23368 23379
23368 23380
23368 23381
23368 23384
23369 23370
23369 23371
23371 23384
23372 23373
23372 23375
23372 23376
23372 23378
23374 23373
23374 23375
23374 23399
23374 23421
23374 23508
23374 23521
23373 23507
23378 23377
23378 23507
23378 23509
23375 23520
23377 23376
23377 23379
23377 23380
23376 23383
23376 23520
23376 23522
23380 23383
23381 23382
23381 23383
23382 23527
23383 23524
23383 23527
7001 7002
7001 7003
7003 7004
7003 7033
7004 7005
7004 7007
7008 7006
7008 7009
7008 7011
7008 7012
7005 7006
7010 7009
7010 7011
7010 7026
7010 7032
7010 7180
7006 7007
7006 7031
7006 7034
7007 7033
7009 7031
7011 7025
7012 7023
7012 7024
7012 7025
7012 7028
23398 23399
7015 7028
7014 7034
7016 7017
7016 7019
7016 7020
7016 7022
7018 7017
7018 7019
7018 7045
7018 7046
7018 7062
7018 7068
7018 7155
7018 7170
23399 23420
7022 7021
7022 7030
7022 7154
7022 7156
7023 7021
7023 7030
7024 7021
7024 7027
7021 7020
7017 7154
7019 7169
7028 7029
7028 7030
7020 7027
7020 7169
7020 7171
7026 7025
7026 7179
7027 7025
7027 7174
7027 7179
7029 7161
7030 7158
7030 7161
7032 7031
7033 7031
23420 23421
23421 23512
7037 7149
7038 7149
7044 7045
7044 7046
7045 7067
7046 7061
7056 7162
7056 7164
7055 7162
7061 7062
7062 7175
7067 7068
7068 7159
23459 23588
23460 23561
23460 23588
23462 23688
23463 23661
23463 23688
23465 23715
23467 23715
23467 23716
23482 23727
23486 23616
7106 7247
7107 7247
7109 7357
23494 23627
7110 7330
7110 7357
7112 7384
23501 23627
23507 23508
23508 23512
23509 23510
23509 23511
23510 23513
7129 7396
7131 7280
7133 7280
23520 23521
23521 23525
23522 23523
23522 23524
23523 23526
7141 7145
7141 7291
7141 7296
7144 7145
7148 7296
7145 7295
7154 7155
7155 7159
7156 7157
7156 7158
7157 7160
7162 7163
7162 7165
7164 7165
7164 7166
7164 7168
7166 7167
7167 7168
7167 7169
7167 7171
7167 7175
7167 7176
7169 7170
7170 7175
7171 7172
7171 7174
7172 7173
7172 7176
7173 7174
7173 7177
7173 7179
7176 7177
7179 7180
23560 23561
23562 23561
23562 23568
23562 23588
23567 23568
23567 23577
23567 23578
23567 23582
23569 23568
23569 23588
23570 23568
23570 23582
23571 23572
23571 23573
23571 23574
23571 23576
23572 23620
23574 23575
23574 23581
23574 23602
23574 23603
23575 23576
23575 23577
23575 23578
23576 23584
23576 23620
23576 23622
23577 23584
23578 23581
23573 23602
23581 23606
23582 23583
23582 23584
23583 23627
23584 23627
23587 23593
23590 23591
23590 23593
23591 23592
23592 23593
7215 7216
7215 7217
7216 7248
7217 7218
7217 7246
7217 7248
7217 7249
23603 23604
23603 23606
7220 7226
7220 7247
23605 23604
23605 23606
7225 7226
7225 7236
7225 7241
7226 7227
7226 7228
7227 7247
7228 7241
7229 7230
7229 7232
7230 7231
7230 7287
7231 7232
7231 7262
7231 7293
7232 7261
23617 23616
7234 7236
23619 23616
7236 7243
7240 7267
7243 7241
7243 7291
7243 7296
7242 7241
7242 7296
7246 7252
7249 7250
7249 7252
7251 7250
7251 7252
7261 7262
7261 7264
7263 7264
7263 7265
7263 7267
7264 7277
7265 7266
7265 7277
7266 7267
23657 23658
23657 23659
23658 23689
23659 23660
23659 23687
23659 23689
23659 23690
23660 23661
23662 23661
23662 23688
7280 7281
7280 7282
7282 7294
23667 23677
23667 23678
23669 23688
7286 7294
7289 7291
23675 23677
23675 23678
7292 7293
7292 7294
23677 23684
23681 23678
23681 23706
23683 23727
23684 23724
23684 23727
23687 23693
23690 23691
23690 23693
23691 23692
23692 23693
23703 23704
23703 23706
23704 23705
23705 23706
7326 7327
7326 7328
7327 7358
7328 7329
7328 7356
7328 7358
7328 7359
7329 7330
7330 7331
7331 7357
23717 23716
23716 23719
7336 7346
7336 7347
7336 7351
23722 23724
7339 7351
7340 7341
7340 7343
7338 7357
7344 7343
7344 7346
7344 7347
7346 7353
7341 7389
7343 7350
7343 7371
7343 7372
7350 7347
7350 7375
7352 7351
7352 7396
7353 7351
7353 7393
7353 7396
7356 7362
7359 7360
7359 7362
7360 7361
7361 7362
7372 7373
7372 7375
7373 7374
7374 7375
7385 7386
7385 7388
7386 7387
7387 7388
7387 7389
7387 7391
7387 7394
7387 7395
7389 7390
7390 7394
7391 7392
7391 7393
7392 7395
