6315 5435
6315 5436
6315 5961
6315 5962
6316 5436
6316 5962
6316 6317
6316 6319
6317 5993
6317 6318
6318 6319
6318 6320
6318 6324
6318 6342
6318 6343
6319 5466
6320 6321
6320 6322
6320 6323
6321 5443
6321 6342
6322 5443
6322 6336
6323 6324
6323 6334
6323 6335
6323 6336
6323 6339
6324 6325
6324 6326
6325 5970
6325 6343
6326 5970
6326 6339
6327 6328
6327 6330
6327 6331
6327 6333
6328 6329
6328 6381
6329 6330
6329 6352
6329 6353
6329 6367
6329 6373
6329 6382
6329 6395
6330 6394
6331 6332
6331 6338
6331 6394
6331 6396
6332 6333
6332 6334
6332 6335
6333 6341
6333 6381
6333 6383
6334 6341
6335 6338
6336 6337
6336 6338
6337 5443
6337 6401
6338 6398
6338 6401
6339 6340
6339 6341
6340 5970
6340 6388
6341 6385
6341 6388
6342 5465
6342 5466
6343 5992
6343 5993
6351 6352
6351 6353
6352 6372
6353 6366
6366 6367
6367 6399
6372 6373
6373 6386
6381 6382
6382 6386
6383 6384
6383 6385
6384 6027
6384 6387
6385 6027
6387 6031
6388 6027
6388 6034
6394 6395
6395 6399
6396 6397
6396 6398
6397 5525
6397 6400
6398 5525
6400 5529
6401 5525
6401 5532
4740 4739
4740 4741
4740 4756
4740 4762
4740 4829
4740 6521
4740 6522
4740 6537
4572 4566
4572 4571
4572 4580
4572 4706
4572 4708
6515 4732
6515 4733
6515 5960
6515 5964
6516 4733
6516 5964
6516 6517
6516 6519
6517 5996
6517 6518
6518 6519
6518 6520
6518 6524
6518 6542
6518 6543
6519 4763
6520 6521
6520 6522
6520 6523
6521 6542
6522 6536
6523 6524
6523 6534
6523 6535
6523 6536
6523 6539
6524 6525
6524 6526
6525 5975
6525 6543
6526 5975
6526 6539
6527 6528
6527 6530
6527 6531
6527 6533
6528 6529
6528 6581
6529 6530
6529 6552
6529 6553
6529 6567
6529 6573
6529 6582
6529 6595
6530 6594
6531 6532
6531 6538
6531 6594
6531 6596
6532 6533
6532 6534
6532 6535
6533 6541
6533 6581
6533 6583
6534 6541
6535 6538
6536 6537
6536 6538
6537 6601
6538 6598
6538 6601
6539 6540
6539 6541
6540 5975
6540 6588
6541 6585
6541 6588
6542 4762
6542 4763
6543 5995
6543 5996
4558 4556
4558 4559
4558 4560
4558 4561
6551 6552
6551 6553
6552 6572
6553 6566
6566 6567
6567 6599
6572 6573
6573 6586
6581 6582
6582 6586
6583 6584
6583 6585
6584 6008
6584 6587
6585 6008
6587 6012
6588 6008
6588 6015
6594 6595
6595 6599
6596 6597
6596 6598
6597 4822
6597 6600
6598 4822
6600 4826
6601 4822
6601 4829
4551 3344
4551 3349
4551 4552
4551 4554
4552 3345
4552 4731
4555 4553
4555 4556
4555 4584
4553 3349
4553 4554
4553 4557
4556 4557
4556 4562
4556 4581
4556 4582
4554 4584
4554 4731
4554 4734
4557 3382
4559 3360
4559 4581
4560 3360
4560 4575
4561 4562
4561 4573
4561 4574
4561 4575
4561 4578
4563 4562
4563 4564
4563 4582
4565 4562
4565 4564
4565 4578
4566 4567
4566 4569
4566 4570
4564 4579
4564 4583
4564 4717
4564 4744
4564 4745
4564 4759
4568 4567
4568 4569
4568 4595
4568 4596
4568 4611
4568 4617
4568 4707
4568 4724
4567 4706
4571 4570
4571 4573
4571 4574
4569 4723
4570 4577
4570 4723
4570 4725
4574 4577
4575 4576
4575 4577
4576 3360
4576 4730
4577 4727
4577 4730
4578 4579
4578 4580
4579 4716
4580 4573
4580 4711
4580 4716
4581 3381
4581 3382
4582 4583
4582 4584
4583 4764
4584 4735
4584 4764
4594 4595
4594 4596
4595 4616
4596 4610
4610 4611
4611 4728
4616 4617
4617 4712
3363 3362
3363 3364
3363 3506
3365 3362
3365 3364
3365 3525
3368 3362
3368 3367
3368 3376
3368 3506
3368 3508
3369 3357
3369 3367
3369 3376
3370 3357
3370 3367
3370 3373
3371 3356
3371 3357
3371 3372
3371 3373
3374 3357
3374 3361
3374 3375
3374 3376
5412 5411
5412 5413
5412 5416
3377 3351
3377 3354
3377 3378
3377 3379
4706 4707
4707 4712
4708 4709
4708 4711
4709 4710
4709 4713
4710 4711
4710 4714
4710 4716
4710 4806
4710 4807
4710 4810
4713 4714
4714 4809
5414 5284
5414 5411
5414 5413
4716 4717
4717 4810
3380 3351
3380 3359
3380 3381
3380 3382
4723 4724
4724 4728
4725 4726
4725 4727
4726 3510
4726 4729
4727 3510
4729 3514
4730 3510
4730 3517
4731 4732
4731 4733
4732 3345
4733 4734
4733 4763
4734 4735
4734 4737
4735 4736
4736 4737
4736 4738
4736 4743
4736 4761
4736 4764
4737 4763
4738 4739
4738 4741
4738 4742
4739 4761
5419 5283
5419 5284
5419 5413
5419 5420
4741 4755
4742 4743
4742 4753
4742 4754
4742 4755
4742 4758
4743 4744
4743 4745
4744 4764
4745 4758
4746 4747
4746 4749
4746 4750
4746 4752
4747 4748
4747 4803
4748 4749
4748 4773
4748 4774
4748 4789
4748 4795
4748 4804
4748 4819
4749 4818
4750 4751
4750 4757
4750 4818
4750 4820
4751 4752
4751 4753
4751 4754
4752 4760
4752 4803
4752 4805
4753 4760
4754 4757
4755 4756
4755 4757
4756 4828
4757 4823
4757 4828
4758 4759
4758 4760
4759 4810
4760 4807
4760 4810
4761 4762
4761 4763
4772 4773
4772 4774
4773 4794
4774 4788
5427 5272
5427 5426
5427 5431
5429 3529
5429 5428
5429 5432
4788 4789
4789 4824
3394 3364
3394 3393
3394 3416
5430 3529
5430 5281
5430 5428
4794 4795
4795 4808
3395 3364
3395 3393
3395 3410
4803 4804
4804 4808
4805 4806
4805 4807
4806 4809
5433 3529
5433 3536
5433 5280
5433 5281
4818 4819
4819 4824
4820 4821
4820 4823
4821 4822
4821 4825
4822 4823
4822 4826
4822 4828
4825 4826
4828 4829
5443 5442
5443 5444
5443 5459
5443 5465
5443 5532
3411 3364
3411 3410
3411 3531
5458 5444
5458 5445
5458 5459
5458 5460
5255 3346
5255 3347
5255 5256
5255 5258
5256 3345
5256 5434
5257 3347
5257 5258
5257 5259
5257 5261
5258 5288
5258 5434
5258 5437
5259 5260
5259 5288
5260 5261
5260 5262
5260 5266
5260 5285
5260 5286
5261 3379
5262 5263
5262 5264
5262 5265
5263 3355
5263 5285
5264 3355
5264 5279
5265 5266
5265 5277
5265 5278
5265 5279
5265 5282
5266 5267
5266 5269
5267 5268
5267 5286
5268 5269
5268 5283
5268 5287
5268 5420
5268 5447
5268 5448
5268 5462
5269 5282
5270 5271
5270 5273
5270 5274
5270 5276
5271 5272
5271 5409
5272 5273
5272 5299
5272 5300
5272 5315
5272 5321
5272 5410
5273 5426
5274 5275
5274 5281
5274 5426
5274 5428
5275 5276
5275 5277
5275 5278
5276 5284
5276 5409
5276 5411
5277 5284
5278 5281
5279 5280
5279 5281
5280 3355
5282 5283
5282 5284
5285 3378
5285 3379
5286 5287
5286 5288
5287 5467
5288 5438
5288 5467
5298 5299
5298 5300
5299 5320
5300 5314
5314 5315
5315 5431
5320 5321
5321 5415
3343 3344
3343 3346
3343 3347
3343 3349
3344 3345
3345 3346
3345 5435
3345 5960
3345 5961
3347 3348
3347 3379
3348 3349
3348 3350
3348 3352
3349 3382
3350 3351
3350 3382
3351 3352
3351 3353
3351 3358
3352 3379
3353 3354
3353 3356
3353 3357
3354 3355
3355 3356
3355 3372
3355 3378
3355 3536
3357 3358
3358 3359
3358 3361
3359 3360
3360 3361
3360 3375
3360 3381
3360 3517
5409 5410
3362 3366
5413 5417
5413 5509
5413 5510
5413 5513
3364 3417
3364 3507
3364 3526
5415 5410
5416 5417
3367 3366
3366 3373
3366 3525
3366 3527
5420 5513
3373 3530
3373 3535
3372 3535
3375 3516
3376 3511
3376 3516
5417 5512
5432 3533
5434 5435
5434 5436
5436 5437
5436 5466
5437 5438
5437 5440
5438 5439
5439 5440
5439 5441
5439 5446
5439 5464
5439 5467
5440 5466
5442 5441
5442 5464
5441 5444
5441 5445
5445 5446
5445 5456
5445 5457
5445 5461
5446 5447
5446 5448
5447 5467
5448 5461
5449 5450
5449 5452
5449 5453
5449 5455
5450 5451
5450 5506
5451 5452
5451 5476
5451 5477
5451 5492
5451 5498
5451 5507
5451 5522
5452 5521
5453 5454
5453 5460
5453 5521
5453 5523
5454 5455
5454 5456
5454 5457
5455 5463
5455 5506
5455 5508
5456 5463
5457 5460
5459 5531
5460 5526
5460 5531
5461 5462
5461 5463
5462 5513
5463 5510
5463 5513
3416 3417
5465 5464
5466 5464
3417 3512
5475 5476
5475 5477
5476 5497
5477 5491
5491 5492
5492 5527
5497 5498
5498 5511
5506 5507
5507 5511
5508 5509
5508 5510
5509 5512
5521 5522
5522 5527
5523 5524
5523 5526
5524 5525
5524 5528
5525 5526
5525 5529
5525 5531
5528 5529
5531 5532
3506 3507
3507 3512
3508 3509
3508 3511
3509 3510
3509 3513
3510 3511
3510 3514
3510 3516
3513 3514
3516 3517
3525 3526
3526 3531
3527 3528
3527 3530
3528 3529
3528 3532
3529 3530
3529 3533
3529 3535
3532 3533
3535 3536
5934 5935
5934 5937
5935 5936
5935 5956
5936 5937
5936 5951
5936 5957
5936 5978
5936 5979
5936 6005
5936 6024
5937 5950
5950 5951
5951 6029
5956 5957
5957 6010
5959 5960
5959 5961
5959 5962
5959 5964
5962 5963
5962 5993
5963 5964
5963 5965
5963 5967
5964 5996
5965 5966
5965 5996
5966 5967
5966 5968
5966 5973
5966 5991
5966 5994
5967 5993
5968 5969
5968 5971
5968 5972
5969 5970
5969 5991
5970 5971
5970 5986
5970 5992
5970 6034
5971 5985
5972 5973
5972 5983
5972 5984
5972 5985
5972 5988
5973 5974
5973 5976
5974 5975
5974 5994
5975 5976
5975 5989
5975 5995
5975 6015
5976 5988
5977 5978
5977 5979
5977 5980
5977 5982
5978 6004
5979 6023
5980 5981
5980 5987
5980 6023
5980 6025
5981 5982
5981 5983
5981 5984
5982 5990
5982 6004
5982 6006
5983 5990
5984 5987
5985 5986
5985 5987
5986 6033
5987 6028
5987 6033
5988 5989
5988 5990
5989 6014
5990 6009
5990 6014
5991 5992
5991 5993
5994 5995
5994 5996
6004 6005
6005 6010
6006 6007
6006 6009
6007 6008
6007 6011
6008 6009
6008 6012
6008 6014
6011 6012
6014 6015
6023 6024
6024 6029
6025 6026
6025 6028
6026 6027
6026 6030
6027 6028
6027 6031
6027 6033
6030 6031
6033 6034
