16704
20601
16702
19975
17329
20385
18051
21293
17097
20602
16705
19976
16703
19977
17330
18052
17098
19979
17361
19982
20386
20388
20633
16707
16710
20009
20012
17129
18053
18056
20604
16740
20606
18084
17100
17102
17332
17334
16737
21294
21296
19978
18057
19983
17099
20389
20607
16708
16709
20387
19981
17103
18054
18055
19980
17333
20605
21295
16706
17101
17331
17335
16711
20603
21297
17169
17171
16771
17174
17175
16778
20020
20022
16713
20024
16716
20027
16718
20026
16720
20031
16721
16679
16715
16725
20039
16730
16731
20043
16733
20045
16734
20046
16739
20041
20050
18124
16677
18126
18128
18130
18131
18135
18141
16693
18143
18146
18147
16699
21299
21300
21301
21303
21304
21305
21307
21310
21315
21316
21318
21319
20632
20395
20396
20393
20391
20392
20397
20399
21329
20402
20410
20411
20407
20408
17128
21344
21350
16748
20421
16750
16752
16754
16755
16759
16767
20442
16769
16773
16774
20436
17337
17339
17340
17342
17343
17344
17346
17349
17354
17355
17357
17358
17360
21359
17370
21361
21364
21365
21372
21374
17386
20692
21377
21378
17392
20699
20464
20466
17188
20469
20470
17195
20451
20453
20456
20457
20609
20611
20612
20614
20615
20616
20618
20621
20626
20627
20629
20630
17110
17111
17108
20642
17107
17105
17112
17114
17117
17125
17126
17122
20658
17123
16736
20664
17401
17138
17403
17406
17407
19985
19987
19988
17416
17418
19990
19992
19993
17160
19952
17422
17420
19997
17154
17423
17427
20002
20003
20005
20006
20008
20011
19950
18059
18060
18061
18063
18065
18066
18068
18071
19966
18076
18077
19972
18079
18080
18083
20673
20675
20678
20679
18092
20688
20690
20694
20695
18107
17184
18113
17186
17190
17191
17170
17172
17173
17161
16775
17176
19998
20023
16712
20025
16717
20028
16719
20021
16732
20680
16722
16723
16729
16724
20040
16777
16728
20044
16758
19967
16727
20047
16738
20042
20049
18072
16678
18127
18129
18125
18132
21366
18142
16680
18145
18108
18144
16700
21320
20610
21298
21321
21302
21306
21308
21309
21314
21313
21317
21312
20631
20394
20409
20390
17106
20406
20400
20398
21330
20403
20458
20404
20471
20405
20412
21331
21351
16726
20423
16751
16753
16749
16756
17408
16768
20422
16772
16694
16770
20437
17359
17338
17336
17362
17341
17345
17347
17348
17353
17352
17356
17351
18081
21311
17371
21363
21360
21362
21373
21375
17372
21376
21345
20696
17393
21379
20401
20467
20468
20465
17192
17194
20452
20455
20443
20454
20608
20625
20623
20634
20613
20617
20619
20620
20698
20624
19991
20628
17130
16714
17109
20643
17104
17127
17115
17113
17118
17124
17119
17121
20644
17120
16735
20665
17350
17140
17405
17402
17404
20007
19986
19984
17417
17419
19989
20004
19994
17139
19995
17387
17421
19996
17155
17424
17426
20001
20000
20030
19999
20413
20010
19951
18058
18075
18062
18064
18078
18067
18069
18070
19953
18148
18074
19973
18134
18073
18082
20622
20677
20674
20676
18093
20689
20693
20659
20691
18094
17116
18114
17189
17185
17187
