23300 23287
23300 23288
23300 23913
23054 23055
23054 23057
23054 23058
23054 23060
23055 23056
23055 23878
23056 23057
23056 23209
23056 23210
23056 23285
23056 23323
23056 23763
23056 23879
23057 23762
23058 23059
23058 23089
23058 23762
23058 23765
23059 23060
23059 23061
23059 23063
23060 23092
23060 23878
23060 23881
23061 23062
23061 23092
23062 23063
23063 23089
23322 23210
23322 23211
23322 23323
23322 23325
23323 23795
23324 23211
23324 23325
23324 23326
23324 23328
23325 23338
23325 23795
23325 23796
23326 23327
23326 23338
23327 23328
23328 23242
23208 23209
23208 23210
23208 23211
23208 23213
23209 23284
23338 23797
23212 23211
23212 23213
23212 23214
23212 23216
23287 23284
23287 23286
23287 23911
23287 23912
23211 23242
23215 23214
23215 23216
23216 23242
23089 23766
23288 23286
23288 23289
23213 23245
23213 23284
23213 23286
23092 23882
23214 23245
23290 23245
23290 23286
23290 23289
23799 23793
23799 23796
23799 23798
23878 23879
23878 23880
23879 23911
23880 23881
23880 23909
23880 23911
23880 23912
23881 23882
23881 23884
23883 23882
23883 23884
23884 23909
23762 23763
23762 23764
23763 23795
23764 23765
23764 23793
23764 23795
23764 23796
23765 23766
23765 23768
23766 23767
23767 23768
23768 23793
23909 23915
23911 23285
23912 23913
23912 23915
23913 23914
23914 23915
23284 23285
23796 23797
23798 23797
