4997 4625
4997 4626
4997 4998
4997 4999
4998 4624
4998 5029
4999 5000
4999 5027
4999 5029
4999 5031
5000 4626
5000 5001
5000 5003
5001 4657
5001 5002
5002 5003
5003 5027
4622 4623
4622 4625
4622 4626
4622 4628
4623 4624
4623 4847
4624 4625
4624 4848
4624 5030
4624 7882
4624 7883
4624 8235
4879 4849
4879 4853
4879 8109
4627 4626
4627 4628
4627 4629
4627 4631
4628 4660
4628 4847
4628 4850
4629 4630
4629 4660
4630 4631
4631 4657
4626 4657
5027 5035
5029 5030
5029 5032
5030 8266
5031 5032
5031 5033
5031 5035
5032 5045
5032 8266
5032 8267
8105 4848
8105 4849
8105 7882
8105 7886
8234 7883
8234 7884
8234 8235
8234 8236
8235 8266
8106 4849
8106 7886
8106 8107
8106 8109
8108 8107
8108 8109
8237 7884
8237 8236
8237 8238
8237 8240
8239 8238
8239 8240
5034 5033
5034 5035
8238 7915
4660 4851
5045 5033
5045 8268
8240 8264
8264 8236
8264 8270
7881 7882
7881 7883
7881 7884
7881 7886
8266 8236
7885 7884
7885 7886
7885 7887
7885 7889
8267 8236
8267 8268
8267 8270
8269 8268
8269 8270
7888 7887
7888 7889
7884 7915
7889 7915
7886 7918
8107 7918
7887 7918
4847 4848
4847 4849
4849 4850
4850 4851
4850 4853
4851 4852
4852 4853
