6790 6676
6790 6677
6790 6791
6790 6793
6791 6675
6791 8666
6792 6677
6792 6793
6792 6794
6792 6796
6793 6806
6793 8666
6793 8667
6794 6795
6794 6806
6795 6796
6668 6680
6668 6681
6796 6684
6673 6674
6673 6676
6673 6677
6673 6679
6674 6675
6674 6752
6675 6676
6675 6753
6675 7497
6675 8551
6675 8552
6675 8629
6677 6678
6677 6684
6678 6679
6678 6680
6678 6681
6806 8668
6680 6687
6681 6684
6679 6687
6679 6752
6679 6754
6687 6758
9009 7497
9009 7498
9009 8629
9009 8631
9010 7498
9010 8631
9010 9011
9010 9013
9011 8644
9011 9012
8628 8551
8628 8555
8628 8629
8628 8631
9012 9013
8630 8555
8630 8631
8630 8632
8630 8634
9013 7510
8633 8632
8633 8634
8634 8563
8631 8644
8632 8644
6755 6752
6755 6754
6755 6768
6755 7496
6755 7499
7496 6753
7496 7497
7496 7498
7498 7499
7498 7510
7499 7500
7499 7502
7500 6768
7500 7501
7501 7502
7502 7510
8666 8552
8666 8553
8667 8553
8667 8668
8667 8670
8668 8669
8669 8670
8670 8560
6752 6753
8545 8556
8545 8557
6754 6756
6754 6758
6756 6757
6756 6768
6757 6758
8550 8551
8550 8552
8550 8553
8550 8555
8554 8553
8554 8555
8554 8556
8554 8557
8555 8563
8556 8563
8553 8560
8557 8560
