22675 21768
22675 21769
22675 22321
22675 22322
22676 21769
22676 22322
22676 22677
22676 22679
22677 22353
22677 22678
22678 22679
22678 22680
22678 22684
22678 22702
22678 22703
22679 21799
22680 22681
22680 22682
22680 22683
22681 21776
22681 22702
22682 21776
22682 22696
22683 22684
22683 22694
22683 22695
22683 22696
22683 22699
22684 22685
22684 22686
22685 22330
22685 22703
22686 22330
22686 22699
22687 22688
22687 22690
22687 22691
22687 22693
22688 22689
22688 22741
22689 22690
22689 22712
22689 22713
22689 22727
22689 22733
22689 22742
22689 22755
22690 22754
22691 22692
22691 22698
22691 22754
22691 22756
22692 22693
22692 22694
22692 22695
22693 22701
22693 22741
22693 22743
22694 22701
22695 22698
22696 22697
22696 22698
22697 21776
22697 22761
22698 22758
22698 22761
22699 22700
22699 22701
22700 22330
22700 22748
22701 22745
22701 22748
22702 21798
22702 21799
22703 22352
22703 22353
22711 22712
22711 22713
22712 22732
22713 22726
22726 22727
22727 22759
22732 22733
22733 22746
22741 22742
22742 22746
22743 22744
22743 22745
22744 22387
22744 22747
22745 22387
22747 22391
22748 22387
22748 22394
22754 22755
22755 22759
22756 22757
22756 22758
22757 21858
22757 22760
22758 21858
22760 21862
22761 21858
22761 21865
22875 21078
22875 21079
22875 22320
22875 22324
22876 21079
22876 22324
22876 22877
22876 22879
22877 22356
22877 22878
22878 22879
22878 22880
22878 22884
22878 22902
22878 22903
22879 21109
22880 22881
22880 22882
22880 22883
22881 21086
22881 22902
22882 21086
22882 22896
22883 22884
22883 22894
22883 22895
22883 22896
22883 22899
22884 22885
22884 22886
22885 22335
22885 22903
22886 22335
22886 22899
22887 22888
22887 22890
22887 22891
22887 22893
22888 22889
22888 22941
22889 22890
22889 22912
22889 22913
22889 22927
22889 22933
22889 22942
22889 22955
22890 22954
22891 22892
22891 22898
22891 22954
22891 22956
22892 22893
22892 22894
22892 22895
22893 22901
22893 22941
22893 22943
22894 22901
22895 22898
22896 22897
22896 22898
22897 21086
22897 22961
22898 22958
22898 22961
22899 22900
22899 22901
22900 22335
22900 22948
22901 22945
22901 22948
22902 21108
22902 21109
22903 22355
22903 22356
22911 22912
22911 22913
22912 22932
22913 22926
22926 22927
22927 22959
22932 22933
22933 22946
22941 22942
22942 22946
22943 22944
22943 22945
22944 22368
22944 22947
22945 22368
22947 22372
20898 19704
20898 19709
20898 20899
20898 20901
20899 19705
20899 21077
20900 19709
20900 20901
20900 20902
20900 20904
20901 20931
20901 21077
20901 21080
20902 20903
20902 20931
20905 20903
20905 20906
20905 20907
20905 20908
20903 20904
20903 20909
20903 20928
20903 20929
20904 19742
20906 19720
20906 20928
20909 20908
20909 20910
20909 20912
20907 19720
20907 20922
20911 20910
20911 20912
20911 20926
20911 20930
20911 21063
20911 21090
20911 21091
20911 21105
20908 20920
20908 20921
20908 20922
20908 20925
22954 22955
20914 20913
20914 20915
20914 21052
20910 20929
20916 20913
20916 20915
20916 21069
20917 20913
20917 20918
20917 20924
20917 21069
20917 21071
20912 20925
20913 20919
20920 20918
20920 20927
20915 20942
20915 20943
20915 20958
20915 20964
20915 21053
20915 21070
20918 20919
20918 20921
20923 19720
20923 20922
20923 21076
20924 20921
20924 20922
20924 21073
20924 21076
20925 20926
20925 20927
20926 21062
20927 20919
20927 21057
20927 21062
20930 20929
20930 21110
20931 20929
20931 21081
20931 21110
20928 19741
20928 19742
20941 20942
20941 20943
20942 20963
20943 20957
20957 20958
20958 21074
20963 20964
20964 21058
21052 20919
21052 21053
21053 21058
21054 20919
21054 21055
21054 21057
21055 21056
21055 21059
21056 21057
21056 21060
21056 21062
21056 21152
21056 21153
21056 21156
21059 21060
21060 21155
21062 21063
21063 21156
21069 21070
21070 21074
21071 21072
21071 21073
21072 19870
21072 21075
21073 19870
21075 19874
21076 19870
21076 19877
21077 21078
21077 21079
21078 19705
21079 21080
21079 21109
21080 21081
21080 21083
21081 21082
21082 21083
21082 21084
21082 21089
21082 21107
21082 21110
21083 21109
21084 21085
21084 21087
21084 21088
21085 21086
21085 21107
21086 21087
21086 21102
21086 21108
21086 21175
21087 21101
21088 21089
21088 21099
21088 21100
21088 21101
21088 21104
21089 21090
21089 21091
21090 21110
21091 21104
21092 21093
21092 21095
21092 21096
21092 21098
21093 21094
21093 21149
21094 21095
21094 21119
21094 21120
21094 21135
21094 21141
21094 21150
21094 21165
21095 21164
21096 21097
21096 21103
21096 21164
21096 21166
21097 21098
21097 21099
21097 21100
21098 21106
21098 21149
21098 21151
21099 21106
21100 21103
21101 21102
21101 21103
21102 21174
21103 21169
21103 21174
21104 21105
21104 21106
21105 21156
21106 21153
21106 21156
21107 21108
21107 21109
21118 21119
21118 21120
21119 21140
21120 21134
21134 21135
21135 21170
21140 21141
21141 21154
21149 21150
21150 21154
21151 21152
21151 21153
21152 21155
21164 21165
21165 21170
21166 21167
21166 21169
21167 21168
21167 21171
21168 21169
21168 21172
21168 21174
21168 22957
21168 22958
21168 22961
21171 21172
21172 22960
21174 21175
21175 22961
22948 22368
22948 22375
22955 22959
22956 22957
22956 22958
22957 22960
19713 19711
19713 19714
19713 19716
19713 19717
19715 19714
19715 19716
19715 19732
19715 19738
19715 19896
19715 21595
19715 21596
19715 21612
19716 19731
21752 21615
21752 21616
21752 21746
21752 21753
19717 19718
19717 19729
19717 19730
19717 19731
19717 19734
19718 19711
19718 19719
19718 19721
19720 19719
19720 19721
19720 19735
19720 19741
19720 19877
19723 19722
19723 19724
19723 19866
21760 21604
21760 21759
21760 21764
19725 19722
19725 19724
19725 19885
19726 19722
19726 19727
19726 19733
19726 19885
19726 19887
21762 19889
21762 21761
21762 21765
21763 19889
21763 21613
21763 21761
19728 19722
19728 19727
19728 19736
19728 19866
19728 19868
19729 19727
19729 19736
19730 19727
19730 19733
21766 19889
21766 19896
21766 21612
21766 21613
19731 19732
19731 19733
19734 19721
19734 19735
19734 19736
19737 19711
19737 19714
19737 19738
19737 19739
21774 21772
21774 21775
21774 21777
21774 21778
21775 21776
21775 21797
19740 19711
19740 19719
19740 19741
19740 19742
21776 21777
21776 21792
21776 21798
21776 21865
21777 21791
21779 21772
21779 21778
21779 21780
21779 21781
21783 21782
21783 21784
21783 21839
21785 21782
21785 21784
21785 21854
21788 21782
21788 21787
21788 21796
21788 21839
21788 21841
21789 21778
21789 21787
21789 21796
21790 21778
21790 21787
21790 21793
21791 21778
21791 21792
21791 21793
21587 19706
21587 19707
21587 21588
21587 21590
21588 19705
21588 21767
21589 19707
21589 21590
21589 21591
21589 21593
21590 21620
21590 21767
21590 21770
21591 21592
21591 21620
21592 21593
21592 21594
21592 21598
21592 21617
21592 21618
21593 19739
21594 21595
21594 21596
21594 21597
21595 21617
21596 21611
21597 21598
21597 21609
21597 21610
21597 21611
21597 21614
21598 21599
21598 21601
21599 21600
21599 21618
21600 21601
21600 21615
21600 21619
21600 21753
21600 21780
21600 21781
21600 21795
21601 21614
21602 21603
21602 21605
21602 21606
21602 21608
21603 21604
21603 21742
21604 21605
21604 21631
21604 21632
21604 21647
21604 21653
21604 21743
21605 21759
21606 21607
21606 21613
21606 21759
21606 21761
21607 21608
21607 21609
21607 21610
21608 21616
21608 21742
21608 21744
21609 21616
21610 21613
21611 21612
21611 21613
21614 21615
21614 21616
21616 21747
21617 19738
21617 19739
21618 21619
21618 21620
21619 21800
21620 21771
21620 21800
21630 21631
21630 21632
21631 21652
21632 21646
21646 21647
21647 21764
21652 21653
21653 21748
21742 21743
21743 21748
21744 21745
21744 21747
21745 21746
21745 21749
21746 21747
21746 21750
21746 21842
21746 21843
21746 21846
21749 21750
21750 21845
19703 19704
19703 19706
19703 19707
19703 19709
19704 19705
19705 19706
19705 21768
19705 22320
19705 22321
19707 19708
19707 19739
19708 19709
19708 19710
19708 19712
19709 19742
19710 19711
19710 19742
19711 19712
19712 19739
21753 21846
21765 19893
21767 21768
21767 21769
21769 21770
21769 21799
21770 21771
21770 21773
21771 21772
21772 21773
21772 21797
21772 21800
21773 21799
19724 19754
19724 19755
19724 19771
19724 19777
19724 19867
19724 19886
21778 21794
19732 19895
21781 21794
19733 19890
19733 19895
19735 19876
19736 19871
19736 19876
21780 21800
21786 21782
21786 21787
21786 21793
21786 21854
21786 21856
21784 21809
21784 21810
21784 21825
21784 21831
21784 21840
21784 21855
21792 21864
21795 21794
21795 21846
21796 21794
21796 21843
21796 21846
21793 21859
21793 21864
21798 21797
21799 21797
19753 19754
19753 19755
19754 19776
19755 19770
21808 21809
21808 21810
21809 21830
21810 21824
19770 19771
19771 19891
19776 19777
21824 21825
19777 19872
21825 21860
21830 21831
21831 21844
21839 21840
21840 21844
21841 21842
21841 21843
21842 21845
21854 21855
21855 21860
21856 21857
21856 21859
21857 21858
21857 21861
21858 21859
21858 21862
21858 21864
21861 21862
21864 21865
19866 19867
19867 19872
19868 19869
19868 19871
19869 19870
19869 19873
19870 19871
19870 19874
19870 19876
19873 19874
19876 19877
19885 19886
19886 19891
19887 19888
19887 19890
19888 19889
19888 19892
19889 19890
19889 19893
19889 19895
19892 19893
19895 19896
22294 22295
22294 22297
22295 22296
22295 22316
22296 22297
22296 22311
22296 22317
22296 22338
22296 22339
22296 22365
22296 22384
22297 22310
22310 22311
22311 22389
22316 22317
22317 22370
22319 22320
22319 22321
22319 22322
22319 22324
22322 22323
22322 22353
22323 22324
22323 22325
22323 22327
22324 22356
22325 22326
22325 22356
22326 22327
22326 22328
22326 22333
22326 22351
22326 22354
22327 22353
22328 22329
22328 22331
22328 22332
22329 22330
22329 22351
22330 22331
22330 22346
22330 22352
22330 22394
22331 22345
22332 22333
22332 22343
22332 22344
22332 22345
22332 22348
22333 22334
22333 22336
22334 22335
22334 22354
22335 22336
22335 22349
22335 22355
22335 22375
22336 22348
22337 22338
22337 22339
22337 22340
22337 22342
22338 22364
22339 22383
22340 22341
22340 22347
22340 22383
22340 22385
22341 22342
22341 22343
22341 22344
22342 22350
22342 22364
22342 22366
22343 22350
22344 22347
22345 22346
22345 22347
22346 22393
22347 22388
22347 22393
22348 22349
22348 22350
22349 22374
22350 22369
22350 22374
22351 22352
22351 22353
22354 22355
22354 22356
22364 22365
22365 22370
22366 22367
22366 22369
22367 22368
22367 22371
22368 22369
22368 22372
22368 22374
22371 22372
22374 22375
22383 22384
22384 22389
22385 22386
22385 22388
22386 22387
22386 22390
22387 22388
22387 22391
22387 22393
22390 22391
22393 22394
