16512 16511
16512 16513
16512 16665
16512 16666
16512 16742
16512 16780
16512 17248
16512 17364
17280 16780
17280 16782
17280 17248
17280 17249
16513 16510
16513 17247
17281 16782
17281 17249
17281 17282
17281 17284
17283 17282
17283 17284
16515 16514
16515 16516
16515 16517
16515 16519
16518 16517
16518 16519
16519 16545
17284 17278
16516 16510
16516 16548
16516 17363
16516 17366
16517 16548
16779 16666
16779 16667
16779 16780
16779 16782
16781 16667
16781 16782
16781 16783
16781 16785
16782 16795
16783 16784
16783 16795
16784 16785
16785 16698
17278 17249
17278 17253
16514 16510
16514 16545
16514 17247
16514 17250
16664 16665
16664 16666
16664 16667
16664 16669
16665 16741
16795 17282
16668 16667
16668 16669
16668 16670
16668 16672
16669 16701
16669 16741
16669 16743
16667 16698
16671 16670
16671 16672
16672 16698
16545 17251
16670 16701
16548 17367
16701 16747
17363 16511
17363 17364
17363 17365
17364 17396
17365 17366
17365 17394
17365 17396
17365 17397
17366 17367
17366 17369
17367 17368
17368 17369
17369 17394
17247 17248
17247 17249
17249 17250
17250 17251
17250 17253
17251 17252
17252 17253
16741 16742
16741 16744
16742 17396
16743 16744
16743 16745
16743 16747
16744 16757
16744 17396
16744 17397
16745 16746
16745 16757
16746 16747
17394 17400
16757 17398
17397 17398
17397 17400
17399 17398
17399 17400
16510 16511
