4197 4195
4199 4195
4202 4190
4202 4195
4203 3707
4203 4195
2457 2455
2459 2455
2463 908
2463 2455
2462 2425
2462 2455
2440 2438
2446 2431
2446 2438
2447 2438
2447 2449
2442 2438
652 650
3585 3583
3585 3588
654 650
657 645
657 650
658 384
658 650
667 665
3608 3583
3608 3610
669 665
673 639
673 665
674 665
674 676
3602 3588
3602 3604
243 241
243 246
266 241
266 268
260 246
260 262
3717 3715
5686 5684
5686 5689
3719 3715
3723 3604
3723 3715
3724 3715
3724 3726
3698 3696
5707 5684
5707 5709
3700 3696
3704 3610
3704 3696
3705 3696
3705 3707
5701 5689
5701 5703
375 373
3945 3943
3945 3948
377 373
381 262
381 373
382 373
382 384
356 354
358 354
3960 3948
3960 3962
362 268
362 354
363 354
363 365
3966 3943
3966 3968
5729 5727
5731 5727
5734 5703
5734 5727
5735 4221
5735 5727
5716 5714
5718 5714
5721 5709
5721 5714
5722 2449
5722 5714
853 851
853 856
875 851
875 877
869 856
869 871
3975 3973
4166 4164
4166 4169
3977 3973
3980 3968
3980 3973
3981 3726
3981 3973
3988 3986
3990 3986
4188 4164
4188 4190
3993 3962
3993 3986
4182 4169
4182 4184
3994 676
3994 3986
2408 2406
2408 2411
2429 2406
2429 2431
2423 2411
2423 2425
899 897
901 897
905 871
905 897
906 897
906 908
621 619
621 624
884 882
886 882
889 877
889 882
890 365
890 882
637 624
637 639
4212 4210
643 619
643 645
4214 4210
4218 4184
4218 4210
4219 4210
4219 4221
