24961 24959
24961 25310
23155 23157
23155 23159
23155 23163
23155 23164
23028 23025
23028 23029
23028 23042
23028 23045
24878 24876
24878 24993
23832 23834
23832 23836
23832 23839
23832 23842
23044 23042
23044 23163
23166 23164
23166 24994
23047 23045
23047 23125
24950 24952
24950 24954
24950 24958
24950 24959
23841 23839
23841 25309
24986 24988
24986 24990
24986 24993
24986 24994
24881 24879
24881 24958
23117 23119
23117 23121
23117 23125
23117 23126
25302 25304
25302 25306
25302 25309
25302 25310
23128 23126
23128 23842
24863 24860
24863 24864
24863 24876
24863 24879
