7328 7326
7328 7329
7328 7356
7328 7358
7328 7359
7252 7246
7252 7249
7252 7251
7330 7110
7330 7329
7330 7331
7076 7073
7076 7077
7076 7107
7076 7215
7076 7218
7332 7329
7332 7331
7332 7356
7078 7073
7078 7077
7078 7110
7078 7326
7078 7329
7326 7074
7326 7327
7327 6868
7327 7358
6944 6867
6944 6872
6944 6945
6944 6947
7073 7074
7073 7075
7074 6868
6945 6868
6945 7358
7075 6868
7075 7215
6946 6872
6946 6947
6946 6948
6946 6950
6949 6948
6949 6950
7077 7079
7077 7081
7080 7079
7080 7081
6947 6960
6947 7358
6947 7359
6950 6880
6948 6960
7081 7107
7215 7216
7215 7217
7216 6868
7216 7248
6960 7360
7218 7217
7218 7219
7218 7221
7219 7107
7219 7220
7220 7221
7221 7246
7217 7246
7217 7248
7217 7249
7356 7362
7359 7360
7359 7362
7360 7361
7361 7362
6982 6869
6982 6870
6982 6983
6982 6985
6983 6868
6983 7248
7110 7079
6984 6870
6984 6985
6984 6986
6984 6988
6985 6998
6985 7248
6985 7249
6987 6986
6987 6988
6986 6998
6861 6873
6861 6874
6988 6877
7249 7250
6866 6867
6866 6869
6866 6870
6866 6872
6867 6868
6868 6869
6998 7250
6871 6870
6871 6872
6871 6873
6871 6874
7251 7250
6872 6880
6873 6880
6870 6877
6877 6874
