20485 19898
20485 19903
20485 20486
20485 20487
20486 19899
20486 21999
20487 20488
20487 20517
20487 21999
20487 22001
20488 19903
20488 20489
20488 20491
20489 19936
20489 20490
20490 20491
20490 20492
20490 20497
20490 20515
20490 20518
20491 20517
25239 23759
25239 23760
25239 25215
25239 25218
20493 20492
20493 20494
20493 20515
20492 20495
20492 20496
20495 20494
20495 20509
20496 20497
20496 20507
20496 20508
20496 20509
20496 20512
20497 20498
20497 20499
20498 19914
20498 20518
20499 19914
20499 20512
20500 20501
20500 20503
20500 20504
20500 20506
20494 20510
20494 20516
20494 20583
20494 22007
20494 22008
20494 22024
20502 20501
20502 20503
20502 20527
20502 20528
20502 20543
20502 20549
20502 20558
20502 20573
20503 20572
20504 20505
20504 20511
20504 20572
20504 20574
20505 20506
20505 20507
20505 20508
20501 20557
20506 20514
20506 20557
20506 20559
20507 20514
20509 20510
20509 20511
20510 20582
20511 20508
20511 20577
20511 20582
20512 20513
20512 20514
20513 19914
20513 20564
20514 20561
20514 20564
20516 20515
20516 22029
20517 20515
20517 22005
20517 22029
20518 19935
20518 19936
20526 20527
20526 20528
20527 20548
20528 20542
20542 20543
20543 20578
20548 20549
20549 20562
20557 20558
20558 20562
20559 20560
20559 20561
20560 20062
20560 20563
20561 20062
20563 20066
20564 20062
20564 20069
20572 20573
20573 20578
20574 20575
20574 20577
20575 20576
20575 20579
20576 20577
20576 20580
20576 20582
20576 22092
20576 22093
20576 22096
20579 20580
20580 22095
19964 19918
19964 19963
19964 20083
20582 20583
20583 22096
19970 19918
19970 19969
19970 20064
22018 22014
22018 22019
22018 22025
22018 22089
22018 22091
22022 22009
22022 22019
22022 22025
25212 22000
25212 22002
25212 23729
25212 23730
25213 22002
25213 23730
25213 25214
25213 25216
25214 22032
25214 25215
25215 25216
25215 25217
25215 25221
25215 25240
25216 23760
23169 23170
23169 23171
23169 23172
23169 23174
23170 19899
23170 23728
23171 19899
23171 23528
23172 23173
23172 23204
23172 23528
23172 23529
23173 23174
23173 23175
23173 23177
23174 23207
23174 23728
23174 23731
23175 23176
23175 23207
23176 23177
23176 23178
23176 23183
23176 23202
23176 23205
23177 23204
25222 22012
25222 25221
25222 25240
23179 23178
23179 23180
23179 23202
25223 22012
25223 25221
25223 25236
23181 23178
23181 23180
23181 23196
23182 23178
23182 23183
23182 23194
23182 23195
23182 23196
23182 23199
25224 25225
25224 25227
25224 25228
25224 25230
23184 23183
23184 23185
23184 23205
25226 25225
25226 25227
25226 25249
25226 25250
25226 25264
25226 25270
25226 25279
25226 25292
23186 23183
23186 23185
23186 23199
23187 23188
23187 23190
23187 23191
23187 23193
25229 25228
25229 25230
25229 25231
25229 25232
23189 23188
23189 23190
23189 23218
23189 23219
23189 23235
23189 23241
23189 23330
23189 23349
25237 22012
25237 25236
25237 25285
25238 25230
25238 25231
25238 25236
25238 25282
25238 25285
23192 23191
23192 23193
23192 23194
23192 23195
25234 23737
25234 25233
25234 25298
25235 25228
25235 25232
25235 25233
25235 25295
25235 25298
25240 22031
25240 22032
23196 23197
23196 23198
23197 23180
23197 23358
23198 23191
23198 23195
23198 23353
23198 23358
23199 23200
23199 23201
23200 23185
23200 23339
23201 23193
23201 23194
23201 23334
23201 23339
25248 25249
25248 25250
23203 23180
23203 23202
23203 23556
23204 23202
23204 23530
23204 23556
23206 23185
23206 23205
23206 23761
23207 23205
23207 23732
23207 23761
25250 25263
25249 25269
25263 25264
25264 25296
23217 23218
23217 23219
23218 23240
23219 23234
25269 25270
25270 25283
25278 25225
25278 25230
25278 25279
25279 25283
25280 25230
25280 25281
25280 25282
25281 22076
25281 25284
23234 23235
25284 22080
23235 23354
25285 22076
25285 22083
25282 22076
23240 23241
23241 23335
25291 25227
25291 25228
25291 25292
25292 25296
25293 25228
25293 25294
25293 25295
25294 23819
25294 25297
25295 23819
25297 23823
25298 23819
25298 23826
23329 23188
23329 23193
23329 23330
23330 23335
23331 23193
23331 23332
23331 23334
23332 23333
23332 23336
23333 23334
23333 23337
23333 23339
23333 23803
23333 23804
23333 23807
23336 23337
23337 23806
23339 23340
23340 23185
23340 23807
23348 23190
23348 23191
23348 23349
23349 23354
23350 23191
23350 23351
23350 23353
23351 23352
23351 23355
23352 23353
23352 23356
23352 23358
23352 23597
23352 23598
23352 23601
23355 23356
23356 23600
23358 23359
23359 23180
23359 23601
23528 20270
23528 20271
23529 20271
23529 23530
23529 23532
23530 23531
23531 23532
23531 23533
23531 23537
23531 23555
23531 23556
23532 20301
23533 23534
23533 23535
23533 23536
23534 20278
23534 23555
23535 20278
23535 23549
23536 23537
23536 23547
23536 23548
23536 23549
23536 23552
23537 23538
23537 23539
23538 23180
23538 23556
23539 23180
23539 23552
23540 23541
23540 23543
23540 23544
23540 23546
23541 23542
23541 23594
23542 23543
23542 23565
23542 23566
23542 23580
23542 23586
23542 23595
23542 23608
23543 23607
23544 23545
23544 23551
23544 23607
23544 23609
23545 23546
23545 23547
23545 23548
23546 23554
23546 23594
23546 23596
23547 23554
23548 23551
23549 23550
23549 23551
23550 20278
23550 23614
23551 23611
23551 23614
23552 23553
23552 23554
23553 23180
23553 23601
23554 23598
23554 23601
23555 20300
23555 20301
23564 23565
23564 23566
23565 23585
23566 23579
23579 23580
23580 23612
23585 23586
23586 23599
23594 23595
23595 23599
23596 23597
23596 23598
23597 23600
23607 23608
23608 23612
23609 23610
23609 23611
23610 20360
23610 23613
23611 20360
23613 20364
23614 20360
23614 20367
23728 23729
23728 23730
23729 19899
23730 23731
23730 23760
23731 23732
23731 23734
23732 23733
23733 23734
23733 23735
23733 23740
23733 23758
23733 23761
23734 23760
23735 23736
23735 23738
23735 23739
23736 23737
23736 23758
23737 23738
23737 23753
23737 23759
23737 23826
23737 25218
23737 25219
23738 23752
23739 23740
23739 23750
23739 23751
23739 23752
23739 23755
23740 23741
23740 23742
23741 23185
23741 23761
23742 23185
23742 23755
23743 23744
23743 23746
23743 23747
23743 23749
23744 23745
23744 23800
23745 23746
23745 23770
23745 23771
23745 23786
23745 23792
23745 23801
23745 23816
23746 23815
23747 23748
23747 23754
23747 23815
23747 23817
23748 23749
23748 23750
23748 23751
23749 23757
23749 23800
23749 23802
23750 23757
23751 23754
23752 23753
23752 23754
23753 23825
23754 23820
23754 23825
23755 23756
23755 23757
23756 23185
23756 23807
23757 23804
23757 23807
23758 23759
23758 23760
23769 23770
23769 23771
23770 23791
23771 23785
23785 23786
23786 23821
23791 23792
23792 23805
23800 23801
23801 23805
23802 23803
23802 23804
23803 23806
23815 23816
23816 23821
23817 23818
23817 23820
23818 23819
23818 23822
23819 23820
23819 23823
23819 23825
23822 23823
23825 23826
19897 19898
19897 19900
19897 19901
19897 19903
19898 19899
19899 19900
19899 20270
19899 22000
19900 20269
19901 19902
19901 19933
19901 20269
19901 20272
19902 19903
19902 19904
19902 19906
19903 19936
19904 19905
19904 19936
19905 19906
19905 19907
19905 19912
19905 19931
19905 19934
19906 19933
19907 19908
19907 19910
19907 19911
19908 19909
19908 19931
19909 19910
19909 19926
19909 19932
19909 20088
19909 20282
19909 20283
19909 20297
19910 19925
19911 19912
19911 19923
19911 19924
19911 19925
19911 19928
19912 19913
19912 19915
19913 19914
19913 19934
19914 19915
19914 19929
19914 19935
19914 20069
19915 19928
19916 19917
19916 19919
19916 19920
19916 19922
19917 19918
19917 20058
19918 19919
19918 19947
19918 19948
19918 20059
19918 20078
19919 20077
19920 19921
19920 19927
19920 20077
19920 20079
19921 19922
19921 19923
19921 19924
19922 19930
19922 20058
19922 20060
19923 19930
19924 19927
19925 19926
19925 19927
19926 20087
19927 20082
19927 20087
19928 19929
19928 19930
19929 20068
19930 20063
19930 20068
19931 19932
19931 19933
19932 20302
19933 20273
19933 20302
19934 19935
19934 19936
19946 19947
19946 19948
19947 19969
19948 19963
21999 22000
21999 22002
22001 22002
22001 22003
22001 22005
22002 22032
22003 22004
22003 22032
22004 22005
22004 22006
22004 22010
22004 22029
22004 22030
22006 22007
22006 22008
22006 22009
22007 22029
22008 22023
22009 22010
22009 22021
22009 22023
22009 22026
22010 22011
22010 22013
22011 22012
22011 22030
22013 22012
22013 22026
22014 22015
22014 22017
22014 22020
22012 22027
22012 22031
22012 22083
22016 22015
22016 22017
22016 22041
22016 22042
22016 22056
22016 22062
22016 22073
22016 22090
22017 22089
22019 22020
22019 22021
22015 22072
22020 22028
22020 22072
22020 22074
22021 22028
22023 22024
22023 22025
22024 22096
22025 22093
22025 22096
22026 22027
22026 22028
22027 22082
22028 22077
22028 22082
22030 22031
22030 22032
22040 22041
22040 22042
22041 22061
22042 22055
22055 22056
22056 22094
22061 22062
22062 22078
22072 22073
22073 22078
22074 22075
22074 22077
22075 22076
22075 22079
22076 22077
22076 22080
22076 22082
22079 22080
22082 22083
22089 22090
22090 22094
22091 22092
22091 22093
22092 22095
20058 20059
20059 20064
20060 20061
20060 20063
20061 20062
20061 20065
20062 20063
20062 20066
20062 20068
20065 20066
20068 20069
20077 20078
20078 20083
20079 20080
20079 20082
20080 20081
20080 20084
20081 20082
20081 20085
20081 20087
20081 20344
20081 20345
20081 20348
20084 20085
20085 20347
20087 20088
20088 20348
20269 20270
20269 20271
20271 20272
20271 20301
20272 20273
20272 20275
20273 20274
20274 20275
20274 20276
20274 20281
20274 20299
20274 20302
20275 20301
20276 20277
20276 20279
20276 20280
20277 20278
20277 20299
20278 20279
20278 20294
20278 20300
20278 20367
20279 20293
20280 20281
20280 20291
20280 20292
20280 20293
20280 20296
20281 20282
20281 20283
20282 20302
20283 20296
20284 20285
20284 20287
20284 20288
20284 20290
20285 20286
20285 20341
20286 20287
20286 20311
20286 20312
20286 20327
20286 20333
20286 20342
20286 20357
20287 20356
20288 20289
20288 20295
20288 20356
20288 20358
20289 20290
20289 20291
20289 20292
20290 20298
20290 20341
20290 20343
20291 20298
20292 20295
20293 20294
20293 20295
20294 20366
20295 20361
20295 20366
20296 20297
20296 20298
20297 20348
20298 20345
20298 20348
20299 20300
20299 20301
20310 20311
20310 20312
20311 20332
20312 20326
20326 20327
20327 20362
20332 20333
20333 20346
20341 20342
20342 20346
20343 20344
20343 20345
20344 20347
20356 20357
20357 20362
20358 20359
20358 20361
20360 20359
20360 20361
20360 20364
20360 20366
20363 20359
20363 20364
20366 20367
25217 25218
25217 25219
25217 25220
25219 25233
25220 25221
25220 25231
25220 25232
25220 25233
25220 25236
