19840 19762
19840 19767
19840 19841
19840 19843
19841 19763
19841 20584
19842 19767
19842 19843
19842 19844
19842 19846
21633 21644
21633 21645
19843 19856
19843 20584
19843 20587
19845 19844
19845 19846
21638 21639
21638 21640
21638 21641
21638 21643
21639 19763
21639 21716
21640 19763
21640 21754
19846 19775
21642 21641
21642 21643
21642 21644
21642 21645
21643 21651
21643 21716
21643 21718
21644 21651
21645 21648
21641 21648
21641 21754
21641 21755
21648 21758
19856 19844
19856 20588
21651 21722
19878 19764
19878 19765
19878 19879
19878 19881
19879 19763
19879 21754
19880 19765
19880 19881
19880 19882
19880 19884
19881 19894
19881 21754
19881 21755
19882 19883
19882 19894
19883 19884
19756 19768
19756 19769
19884 19772
19761 19762
19761 19764
19761 19765
19761 19767
19762 19763
19763 19764
19763 20585
19763 21717
19765 19766
19765 19772
19894 21756
19766 19767
19766 19768
19766 19769
19767 19775
19768 19775
19769 19772
22097 20585
22097 20586
22097 21717
22097 21719
22098 20586
22098 21719
22098 22099
22098 22101
22099 21732
22099 22100
21716 21717
21716 21719
21718 21719
21718 21720
21718 21722
22100 22101
21719 21732
21721 21720
21721 21722
21720 21732
22101 20598
20584 20585
20584 20586
20586 20587
20586 20598
20587 20588
20587 20590
20588 20589
20589 20590
20590 20598
21755 21756
21755 21758
21756 21757
21757 21758
