23425 23394
23425 23395
23425 23470
510 465
510 506
510 509
520 507
520 508
520 799
795 505
795 507
795 796
795 797
796 429
796 23715
797 798
797 809
797 23715
797 23716
798 507
798 799
798 801
542 430
542 431
542 543
542 545
543 429
543 23502
800 799
800 801
544 431
544 545
544 546
544 548
23715 23465
23715 23467
547 546
547 548
23716 23467
23716 23717
23716 23719
23718 23717
23718 23719
23464 23390
23464 23394
23464 23465
23464 23467
23465 429
809 801
809 23719
427 428
427 430
427 431
427 433
428 429
428 504
429 430
429 505
429 23390
429 23391
558 545
558 546
558 23504
432 431
432 433
432 434
432 436
23466 23394
23466 23467
23466 23468
23466 23470
23469 23468
23469 23470
435 434
435 436
433 465
433 504
433 506
23717 23480
434 465
545 23502
545 23503
23480 23467
23480 23468
436 462
548 462
23502 23391
23502 23392
23503 23392
23503 23504
23503 23506
462 431
23505 23504
23505 23506
23506 23422
23389 23390
23389 23391
23389 23392
23389 23394
23393 23392
23393 23394
23393 23395
23393 23397
23395 23396
23396 23397
23397 23422
23392 23422
504 505
504 507
506 507
506 508
508 509
