24587 24574
24587 24588
24588 24550
24588 24620
24593 24573
24593 24594
24594 24550
24594 24607
24602 24549
24602 24554
24602 24603
24603 24550
24603 24607
24604 24554
24604 24605
24604 24606
24605 1727
24605 24608
24606 1727
24606 24562
24608 1731
24609 1727
24609 1734
24609 24561
24609 24562
24615 24551
24615 24552
24615 24616
24616 24550
24616 24620
24617 24552
24617 24618
24617 24619
24618 23935
24618 24621
24619 23935
24619 24559
24621 23939
24622 23935
24622 23942
24622 24558
24622 24559
23224 23221
23224 23223
23224 23237
23238 23223
23238 23237
23238 23316
23244 23223
23244 23243
23244 23297
247 248
247 250
248 249
248 269
249 250
249 264
249 270
249 292
249 293
249 319
249 338
250 263
263 264
264 343
23255 23253
23255 23256
23255 23258
23255 23259
269 270
270 324
272 273
272 275
272 276
272 278
273 274
273 928
274 275
274 697
274 929
274 1651
274 23247
274 23248
274 23845
275 696
276 277
276 307
276 696
276 699
277 278
277 279
277 281
278 310
278 928
278 931
279 280
279 310
280 281
280 282
280 287
280 305
280 308
281 307
23257 23256
23257 23258
23257 23273
23257 23279
23257 23321
23257 23638
23257 23639
23257 23653
283 282
283 284
283 305
284 285
284 300
284 306
284 348
284 709
284 710
284 724
285 282
285 299
286 282
286 287
286 297
286 298
286 299
286 302
288 287
288 289
288 308
289 290
289 303
289 309
289 329
289 941
289 942
289 956
290 287
290 302
291 292
291 293
291 294
291 296
292 318
293 337
295 294
295 296
295 297
295 298
294 301
294 337
294 339
297 304
298 301
299 300
299 301
300 347
301 342
301 347
302 303
302 304
303 328
304 296
304 323
304 328
305 306
305 307
306 729
307 700
307 729
308 309
308 310
309 961
310 932
310 961
23265 23223
23265 23264
23265 23291
318 296
318 319
319 324
320 296
320 321
320 323
321 322
321 325
322 323
322 326
322 328
322 1003
322 1004
322 1007
23266 23223
23266 23264
23266 23310
325 326
326 1006
23267 23264
23267 23268
23267 23274
23267 23310
23267 23312
328 329
329 1007
337 338
338 343
339 340
339 342
340 341
340 344
341 342
341 345
341 347
341 771
341 772
341 775
344 345
345 774
23270 23259
23270 23268
23270 23277
347 348
348 775
23271 23259
23271 23268
23271 23274
23272 23258
23272 23259
23272 23273
23272 23274
23275 23259
23275 23263
23275 23276
23275 23277
23313 23312
23313 23314
23313 23317
23221 23222
23222 23223
23222 23243
23223 23292
23223 23311
696 697
696 698
697 23628
698 699
698 728
698 23628
698 23629
699 700
699 702
700 701
701 702
701 703
701 708
701 726
701 729
702 728
703 704
703 706
703 707
704 705
704 726
705 706
705 721
705 727
705 794
705 23634
705 23635
705 23650
706 720
707 708
707 718
707 719
707 720
707 723
708 709
708 710
709 729
711 712
711 714
711 715
711 717
710 723
713 712
713 714
713 738
713 739
713 754
713 760
713 769
713 784
714 783
716 715
716 717
716 718
716 719
717 725
717 768
717 770
718 725
719 722
720 721
720 722
23246 23247
23246 23248
23246 23249
23246 23251
23247 23844
723 724
723 725
23248 23628
23249 23250
23249 23280
23249 23628
23249 23629
726 727
726 728
23250 23251
23250 23252
23250 23254
23251 23283
23251 23844
23251 23847
23252 23253
23252 23283
23253 23254
23253 23260
23253 23278
23253 23281
23254 23280
724 775
728 23632
728 23655
725 772
725 775
727 23655
23256 23278
23259 23260
23261 23260
23261 23262
23261 23281
737 738
737 739
23263 23260
23263 23262
23264 23269
23268 23269
23269 23277
23269 23291
23269 23293
739 753
23273 23320
23274 23315
23274 23320
23276 23262
23276 23301
23277 23296
23277 23301
23278 23279
23278 23280
23279 23656
23280 23630
23280 23656
753 754
23282 23262
23282 23281
23282 23877
23283 23281
23283 23848
23283 23877
754 789
759 738
759 760
760 773
23291 23292
23292 23297
23293 23294
23293 23296
23294 23295
23294 23298
23295 23296
23295 23299
23295 23301
23295 23919
23295 23920
23295 23923
768 712
768 769
23298 23299
770 771
770 772
773 769
23302 23262
23302 23301
23302 23923
774 771
23299 23922
23310 23311
783 715
783 784
23312 23315
785 715
785 786
785 788
23314 23315
23314 23318
23314 23320
23314 23697
23314 23698
23314 23701
787 786
787 788
787 791
787 793
787 23710
787 23711
787 23714
23316 23311
23317 23318
789 784
790 786
790 791
23321 23320
23321 23701
794 793
794 23714
793 721
793 722
788 722
791 23713
23318 23700
928 929
928 930
929 1650
930 931
930 960
930 1650
930 1652
931 932
931 934
932 933
933 934
933 935
933 940
933 958
933 961
934 960
935 936
935 938
935 939
936 937
936 958
937 938
937 953
937 959
937 1026
937 1658
937 1659
937 1675
938 952
939 940
939 950
939 951
939 952
939 955
940 941
940 942
941 961
942 955
943 944
943 946
943 947
943 949
944 945
944 1000
945 946
945 970
945 971
945 986
945 992
945 1001
945 1016
946 1015
947 948
947 954
947 1015
947 1017
948 949
948 950
948 951
949 957
949 1000
949 1002
950 957
951 954
952 953
952 954
953 1025
954 1020
954 1025
955 956
955 957
956 1007
957 1004
957 1007
958 959
958 960
959 1680
960 1656
960 1680
969 970
969 971
970 991
971 985
985 986
986 1021
991 992
992 1005
1000 1001
1001 1005
1002 1003
1002 1004
1003 1006
1015 1016
1016 1021
1017 1018
1017 1020
1018 1019
1018 1022
1019 1020
1019 1023
1019 1025
1019 1743
1019 1744
1019 1747
1022 1023
1023 1746
1025 1026
1026 1747
23629 23630
23629 23632
23630 23631
23631 23632
23631 23633
23631 23637
23631 23655
23631 23656
23633 23634
23633 23635
23633 23636
23634 23655
23635 23649
23636 23637
23636 23647
23636 23648
23636 23649
23636 23652
23637 23638
23637 23639
23638 23656
23639 23652
23640 23641
23640 23643
23640 23644
23640 23646
23641 23642
23641 23694
23642 23643
23642 23665
23642 23666
23642 23680
23642 23686
23642 23695
23642 23708
23643 23707
23644 23645
23644 23651
23644 23707
23644 23709
23645 23646
23645 23647
23645 23648
23646 23654
23646 23694
23646 23696
23647 23654
23648 23651
23649 23650
23649 23651
23650 23714
23651 23711
23651 23714
23652 23653
23652 23654
23653 23701
23654 23698
23654 23701
23664 23665
23664 23666
23665 23685
23666 23679
23679 23680
23680 23712
23685 23686
23686 23699
23694 23695
23695 23699
23696 23697
23696 23698
23697 23700
23707 23708
23708 23712
23709 23710
23709 23711
23710 23713
23844 23845
23844 23846
23845 24536
23846 23847
23846 23876
23846 24536
23846 24537
23847 23848
23847 23850
23848 23849
23849 23850
23849 23851
23849 23856
23849 23874
23849 23877
23850 23876
23851 23852
23851 23854
23851 23855
23852 23853
23852 23874
23853 23854
23853 23869
23853 23875
23853 23942
23853 24542
23853 24543
23853 24558
23854 23868
23855 23856
23855 23866
23855 23867
23855 23868
23855 23871
23856 23857
23856 23858
23857 23262
23857 23877
23858 23262
23858 23871
23859 23860
23859 23862
23859 23863
23859 23865
23860 23861
23860 23916
23861 23862
23861 23886
23861 23887
23861 23902
23861 23908
23861 23917
23861 23932
23862 23931
23863 23864
23863 23870
23863 23931
23863 23933
23864 23865
23864 23866
23864 23867
23865 23873
23865 23916
23865 23918
23866 23873
23867 23870
23868 23869
23868 23870
23869 23941
23870 23936
23870 23941
23871 23872
23871 23873
23872 23262
23872 23923
23873 23920
23873 23923
23874 23875
23874 23876
23875 24563
23876 24540
23876 24563
23885 23886
23885 23887
23886 23907
23887 23901
23901 23902
23902 23937
23907 23908
23908 23921
23916 23917
23917 23921
23918 23919
23918 23920
23919 23922
23931 23932
23932 23937
23933 23934
23933 23936
23934 23935
23934 23938
23935 23936
23935 23939
23935 23941
23938 23939
23941 23942
715 722
1650 1651
1650 1653
1651 24536
1652 1653
1652 1654
1652 1656
1653 1683
1653 24536
1653 24537
1654 1655
1654 1683
1655 1656
1655 1657
1655 1661
1655 1680
1655 1681
1657 1658
1657 1659
1657 1660
1658 1680
1659 1674
1660 1661
1660 1672
1660 1673
1660 1674
1660 1677
1661 1662
1661 1664
1662 1663
1662 1681
1663 1664
1663 1678
1663 1682
1663 1734
1663 24546
1663 24547
1663 24561
1664 1677
1665 1666
1665 1668
1665 1669
1665 1671
1667 1666
1667 1668
1667 1692
1667 1693
1667 1707
1667 1713
1667 1724
1667 1741
1666 1723
1668 1740
1670 1669
1670 1671
1670 1672
1670 1673
1671 1679
1671 1723
1671 1725
1669 1676
1669 1740
1669 1742
1673 1676
1674 1675
1674 1676
1675 1747
1676 1744
1676 1747
1677 1678
1677 1679
1678 1733
1679 1672
1679 1728
1679 1733
1682 1681
1682 24564
1683 1681
1683 24538
1683 24564
1691 1692
1691 1693
1692 1712
1693 1706
1706 1707
1707 1745
1712 1713
1713 1729
1723 1724
1724 1729
1725 1726
1725 1728
1726 1727
1726 1730
1727 1728
1727 1731
1727 1733
1730 1731
1733 1734
1740 1741
1741 1745
1742 1743
1742 1744
1743 1746
24537 24538
24537 24540
24538 24539
24539 24540
24539 24541
24539 24545
24539 24563
24539 24564
24541 24542
24541 24543
24541 24544
24542 24563
24543 24557
24544 24545
24544 24555
24544 24556
24544 24557
24544 24560
24545 24546
24545 24547
24546 24564
24547 24560
24548 24549
24548 24551
24548 24552
24548 24554
24549 24550
24550 24551
24550 24573
24550 24574
24552 24553
24552 24559
24553 24554
24553 24555
24553 24556
24554 24562
24555 24562
24556 24559
24557 24558
24557 24559
24560 24561
24560 24562
24572 24573
24572 24574
