20154 20152
20154 20231
23488 23490
23488 23492
23488 23496
23488 23497
23401 23398
23401 23402
23401 23414
23401 23417
20382 20380
20382 23625
20255 20257
20255 20259
20255 20263
20255 20264
23419 23417
23419 23496
23499 23497
23499 23626
23416 23414
23416 23525
20223 20225
20223 20227
20223 20231
20223 20232
20151 20149
20151 20263
23618 23620
23618 23622
23618 23625
23618 23626
20234 20232
20234 20383
23518 23520
23518 23522
23518 23525
23518 23526
20135 20132
20135 20136
20135 20149
20135 20152
20266 20264
20266 23526
20373 20375
20373 20377
20373 20380
20373 20383
