14462 14460
14462 14677
11578 11580
11578 11582
11578 11586
11578 11587
11546 11548
11546 11552
11546 11569
11546 11572
14808 14806
14808 14820
11396 11398
11396 11403
11396 11421
11396 11424
11571 11569
11571 11586
11589 11587
11589 14821
11201 11199
11201 11572
14432 14434
14432 14439
14432 14457
14432 14460
11423 11421
11423 14676
14813 14815
14813 14817
14813 14820
14813 14821
14459 14457
14459 14809
11174 11176
11174 11181
11174 11199
11174 11202
14652 14654
14652 14658
14652 14676
14652 14677
11204 11202
11204 11424
14783 14785
14783 14789
14783 14806
14783 14809
