13161
15043
16331
13159
15775
14354
16131
15223
14533
15044
14534
13162
15776
13160
15777
15224
14355
13164
15809
13167
14356
14359
15076
16332
16334
13198
13195
14387
16132
16134
15045
15812
15048
15255
14536
14538
15779
15782
14565
15226
15228
13165
16133
13166
14357
14358
15047
15780
16333
14360
13168
14537
15225
16135
13163
15781
15049
15229
14535
14539
15778
15783
16335
15046
15227
14620
14622
14624
14626
14627
14631
13341
13343
16337
13345
16339
13348
16341
13347
16342
13352
16343
16345
16338
16348
13322
16353
16354
13326
16356
13328
16357
13329
15811
13324
13333
16210
16367
16212
15314
16215
16216
15321
16197
16382
16199
16202
16203
16388
15236
15237
15234
15231
15233
15238
15240
15243
15251
15252
15248
15249
15075
14362
14363
14364
14366
14368
14369
14371
15264
14374
14379
14380
14382
14383
14386
15286
15280
16397
14397
16399
15824
16402
16403
15831
16410
14413
16412
16415
16416
14419
15785
15787
15788
15790
15792
15793
15752
15797
15802
15803
15805
15806
15808
15310
15750
15312
15316
15317
15295
15297
15766
15202
15300
15301
15772
15209
14508
14510
14512
14514
14515
14519
14525
14527
14530
14531
15055
15057
15053
15051
15052
15058
15060
15063
15071
15072
15068
15069
14541
14543
14544
15086
14547
14546
14548
14550
14553
14558
14559
14561
15108
14562
14564
15102
15820
14574
15822
15826
15827
13175
13177
13173
15839
15841
13170
13172
13178
14590
13180
15845
15843
13183
14596
15846
15850
13191
13192
13188
13189
13197
13194
13209
16141
16142
16139
16137
16138
16143
16145
16148
13232
16156
16157
13226
16153
16154
15254
15215
15217
15220
15221
16167
15198
15200
15204
15205
16188
14605
16182
14607
14610
14611
14621
14623
14625
14591
14628
14630
13182
13344
16336
13346
16340
13349
15791
13342
16355
15222
16344
16346
16352
16347
13323
16417
16351
13327
16404
13233
16350
13330
16359
13325
13332
16147
16368
16213
16214
16211
15318
15320
16198
16369
16201
16189
16200
16389
15256
15056
15235
15253
15230
15241
15239
15244
15250
15245
15247
15246
15074
14361
14378
14365
14367
14381
14370
14372
15266
14373
14532
14377
14518
14376
14385
15265
15281
16349
14398
16400
16401
16398
15828
15830
16411
14399
16414
16383
16413
14420
15807
15786
15784
15810
15789
15794
15795
15796
15801
15800
15804
15799
16159
15242
15751
15315
15311
15313
15296
15298
15753
15299
15287
15206
15773
15302
14375
14511
14513
14509
14516
14612
14526
14529
14414
14528
15054
15070
15066
15073
15050
15061
15059
15064
15208
15065
13171
15067
14563
14542
14540
15088
14545
14566
14549
14551
14552
14557
14556
14560
15087
14555
16358
15103
15798
14575
15825
15821
15823
13196
13176
13174
15840
15842
13169
13187
13181
14576
13179
15767
15844
13184
14597
15847
15849
13190
13185
13351
13186
14384
13193
13211
16140
16155
16136
15232
16152
16146
16144
16149
13210
16204
16150
13227
16217
16151
16158
15062
15219
15216
15218
16169
15199
15203
15109
15201
16168
14554
16183
14609
14606
14608
