23431 23426
23431 23430
23431 23463
23431 23657
23431 23660
23426 23427
23426 23428
23426 23429
23427 23227
23427 23657
23428 23227
23428 23557
23557 23429
23557 23558
23557 23559
23558 23227
23558 23589
23303 23226
23303 23231
23303 23304
23303 23306
23304 23227
23304 23689
23689 23306
23689 23658
23689 23659
23305 23231
23305 23306
23305 23307
23305 23309
23690 23306
23690 23659
23690 23691
23690 23693
23308 23307
23308 23309
23692 23691
23692 23693
23430 23429
23430 23432
23430 23434
23433 23432
23433 23434
23687 23659
23687 23663
23687 23693
23560 23429
23560 23559
23560 23561
23560 23563
23562 23561
23562 23563
23306 23319
23307 23319
23434 23460
23319 23691
23563 23587
23309 23239
23587 23559
23587 23593
23460 23429
23460 23561
23589 23342
23589 23344
23589 23559
23590 23344
23590 23559
23590 23591
23590 23593
23463 23432
23463 23661
23592 23591
23592 23593
23591 23357
23341 23228
23341 23229
23341 23342
23341 23344
23342 23227
23343 23229
23343 23344
23343 23345
23343 23347
23344 23357
23345 23346
23345 23357
23346 23347
23220 23232
23220 23233
23347 23236
23225 23226
23225 23228
23225 23229
23225 23231
23226 23227
23227 23228
23227 23658
23230 23229
23230 23231
23230 23232
23230 23233
23231 23239
23232 23239
23233 23236
23229 23236
23657 23658
23657 23659
23659 23660
23660 23661
23660 23663
23661 23662
23662 23663
