20666 20664
20666 20678
20555 20557
20555 20559
20555 20562
20555 20563
20056 20058
20056 20060
20056 20064
20056 20065
19817 19815
19817 20551
20018 20020
20018 20022
20018 20026
20018 20027
20067 20065
20067 20563
20550 20548
20550 20562
19971 19969
19971 20064
20640 20642
20640 20646
20640 20664
20640 20667
20029 20027
20029 20679
20524 20526
20524 20530
20524 20548
20524 20551
19820 19818
19820 20667
19944 19946
19944 19950
19944 19969
19944 19972
20671 20673
20671 20675
20671 20678
20671 20679
19974 19972
19974 20026
19790 19792
19790 19797
19790 19815
19790 19818
