6811
7181
12194
6809
10669
7397
10081
10453
8911
7182
8912
6812
10670
6810
10082
10083
7398
6814
10119
6817
7400
7402
7213
12195
12197
6848
6845
7429
10085
10088
7184
10701
7186
10116
8913
8916
10672
10674
8944
10454
10456
6815
10087
6816
7399
7403
7187
10671
12198
7401
6818
8917
10084
10089
6813
10675
7185
10455
8914
8915
10086
10673
12196
7183
10457
8984
8986
8988
8990
8991
8995
6989
6991
12204
6993
12202
6996
12200
6995
12201
7000
12206
12208
12205
12211
6970
12219
12220
6974
12216
6976
12217
6977
10700
6972
6981
10261
12230
10263
10265
10267
10268
10272
10242
12251
10244
10248
10249
12245
10459
10460
10461
10463
10464
10465
10467
10470
10475
10476
10478
10479
7212
7410
7411
7408
7405
7407
7412
7414
10489
7417
7425
7426
7422
7423
7428
10504
10510
12273
7438
12275
10760
12278
12279
10767
12260
7460
12262
12265
12266
7454
10682
10683
10680
10677
10679
10684
10686
10689
10697
10698
10694
10695
10118
10519
10710
10521
10524
10525
10532
10534
10732
7272
10537
10538
10726
7279
7484
7486
7488
7490
7491
7495
7469
7471
7474
7475
7189
7191
7192
7194
7195
7196
7198
7201
7206
7207
7209
7210
8923
8925
8921
7222
8920
8919
8926
8928
8931
8939
8940
8936
7238
8937
8943
7244
10756
8952
10758
10762
10763
6825
6827
6823
10741
10743
6820
6822
6828
8973
6830
10746
10246
6833
8967
10747
10253
6841
6842
6838
6839
6847
6844
6858
10096
10098
10094
10091
10093
10099
10101
10104
6881
10112
10113
6875
10109
10110
10115
7253
7255
7258
7259
10129
7268
7270
7274
7275
10152
9001
10146
9003
9006
9007
8985
8987
8989
8974
8992
8994
6832
6992
12203
6994
12199
6997
10678
6990
12215
7260
12209
12207
12218
12212
6971
12267
12213
6975
12280
6882
12214
6978
12221
6973
6980
10103
12232
10264
10266
10262
10269
10526
10243
12231
10247
10153
10245
12246
10480
7190
10458
10481
10462
10466
10468
10469
10474
10473
10477
10472
7211
7409
7424
7404
7406
7421
7415
7413
10490
7418
7476
7419
7494
7420
7427
10491
10511
12210
7440
12276
12277
12274
10764
10766
12261
7439
12264
12252
12263
7455
10702
10097
10681
10699
10676
10687
10685
10690
10696
10691
10693
10692
10117
10471
10712
10523
10520
10522
10533
10535
10711
10536
10505
7276
10727
10539
7416
7487
7489
7485
7492
9008
7470
7473
7461
7472
7188
7205
7203
7214
7193
7197
7199
7200
7278
7204
6821
7208
8942
8924
8922
7223
8918
8941
8929
8927
8932
8938
8933
8935
7224
8934
12222
7245
10688
8954
10761
10757
10759
6846
6826
6824
10742
10744
6819
6837
6831
8953
6829
10733
10745
6834
8968
10250
10748
6840
6835
6999
6836
7430
6843
6860
10095
10111
10090
10092
10108
10102
10100
10105
6859
10252
10106
6876
10271
10107
10114
7202
7257
7254
7256
10131
7269
7273
7239
7271
10130
8930
10147
9005
9002
9004
