10240 10239
10240 10241
10241 10154
10241 10237
10120 10121
10120 10122
10120 10123
10120 10125
10121 9968
10121 10197
10122 9968
10122 10235
10251 10238
10251 10239
10251 10738
10124 10123
10124 10125
10124 10126
10124 10128
10738 10737
10738 10739
10126 10127
10126 10157
10127 10128
10123 10154
10123 10235
10123 10237
10001 9970
10001 9975
10001 10707
10128 10154
9975 9971
9975 9974
10004 9972
10004 9973
10004 10823
10125 10157
10125 10197
10125 10199
10157 10203
10819 9967
10819 9972
10819 10820
10819 10821
10820 9968
10820 10852
9970 9966
9970 9971
9970 10703
9970 10706
10822 9972
10822 10821
10822 10823
10822 10825
10823 10824
10824 10825
10821 10850
10821 10852
10821 10853
10825 10850
10703 9969
10703 10704
10703 10705
10704 9968
10704 10736
10705 10706
10705 10734
10705 10736
10705 10737
10706 10707
10706 10709
10707 10708
10708 10709
10197 10198
10197 10200
10198 9968
10198 10852
10199 10200
10199 10201
10199 10203
10709 10734
10200 10213
10200 10852
10200 10853
10202 10201
10202 10203
10201 10213
10850 10856
10853 10854
10853 10856
10213 10854
10855 10854
10855 10856
9966 9967
9966 9969
9966 9972
9967 9968
9968 9969
9968 10236
10736 10236
10736 10238
10737 10238
10737 10740
10739 10740
9971 9972
9971 9973
9974 9973
10734 10740
10235 10236
10235 10238
10237 10238
10237 10239
