389
23360
10273
387
13545
3729
16817
20089
7001
20090
7002
388
10274
390
13546
16818
3730
392
13577
395
3731
3734
20121
10275
10278
423
426
3762
16819
16822
23361
10306
23363
16850
7004
7006
13548
13550
7033
20092
20094
391
16823
396
3732
3733
23364
10276
10277
3735
394
7005
16820
16821
393
13549
23362
20093
7003
7007
13547
13551
10279
20091
20095
7169
7171
7173
7175
7176
7180
549
551
10281
553
10283
556
10285
555
10287
560
10288
10290
10282
10293
568
10298
10299
572
10301
574
10302
575
10305
570
579
16972
10317
16974
16976
16978
16979
16983
16989
10333
16991
16994
16995
10339
20097
20099
20100
20102
20103
20104
20106
20109
20114
20115
20117
20118
20120
3737
3738
3739
3741
3743
3744
3746
20132
3749
3754
3755
3757
3758
3761
20149
20155
10428
3773
10430
10432
10434
10435
10439
10445
3789
10447
10450
10451
3795
13553
13555
13556
13558
13559
13560
13562
13565
13570
13571
13573
13574
13576
20242
13588
20244
20247
20248
20257
20259
13605
20261
20263
20264
13611
20268
3884
3886
3888
3890
3891
3895
3901
3903
3906
3907
23366
23367
23368
23370
23371
23372
23374
23377
23382
23383
23385
23386
7009
7011
7012
23398
7015
7014
7016
7018
7021
7026
7027
7029
23414
7030
7032
23420
13698
7044
13700
13703
13704
398
400
401
13713
13715
403
405
406
7061
408
13719
13717
411
7067
13720
13724
416
417
419
420
422
425
437
16825
16826
16827
16829
16831
16832
16834
16837
454
16842
16843
460
16845
16846
16849
23507
23509
23512
23513
16861
23520
23522
23525
23526
16877
7154
16883
7156
7159
7160
7170
7172
7174
7062
7177
7179
412
552
10280
554
10284
557
10286
550
10300
23514
10289
10291
10297
10292
569
10452
10296
573
10438
455
10295
576
10304
571
578
16838
10318
16975
16977
16973
16980
20249
16990
10319
16993
16878
16992
10340
20119
20098
20096
20122
20101
20105
20107
20108
20113
20112
20116
20111
23387
3736
3753
3740
3742
3756
3745
3747
20133
3748
3908
3752
3894
3751
3760
20134
20156
10294
3774
10431
10433
10429
10436
13705
10446
3775
10449
10334
10448
3796
13575
13554
13552
13578
13557
13561
13563
13564
13569
13568
13572
13567
16847
20110
13589
20246
20243
20245
20258
20260
13590
20262
20150
20265
13612
20267
3750
3887
3889
3885
3892
7161
3902
3905
3790
3904
23365
23381
23379
23388
23369
23373
23375
23376
23527
23380
404
23384
7031
7010
7008
23399
7013
7034
7017
7019
7020
7025
7024
7028
23400
7023
10303
23421
13566
7045
13702
13699
13701
421
399
397
13714
13716
402
418
407
7046
409
13606
13718
410
7068
13721
13723
415
414
559
413
3759
424
438
16824
16841
16828
16830
16844
16833
16835
16836
439
16996
16840
461
16982
16839
16848
23378
23511
23508
23510
16862
23521
23524
23415
23523
16863
7022
16884
7158
7155
7157
20482
20483
4105
4109
4110
10254
4112
10256
4114
4115
10259
4117
4120
4123
10270
10308
10310
10311
10313
10314
10316
10321
10323
10326
10327
10328
10330
10331
10332
10336
10342
10345
10349
10352
10355
10357
10358
10360
10362
10363
10367
10372
10373
10375
10376
10378
10379
10381
10382
10384
10386
10387
10389
10390
10392
10394
10396
10397
10401
10403
10405
10406
10408
10409
10411
10413
10415
10416
10420
10422
10424
10425
10427
10442
10444
10482
10485
246
10487
251
10492
253
10494
10495
256
10496
10500
262
265
10506
10508
10509
10512
10514
10515
10517
10527
10528
10530
16676
16681
16683
10542
16686
10544
10545
10547
16692
10550
16695
10551
330
332
335
346
10587
10590
10592
10597
10599
10600
10601
10603
10606
368
370
10612
373
10614
10615
16760
16762
10618
10620
16765
10621
10623
384
16776
10633
10635
10638
10649
10653
10654
16798
10656
16800
10658
10659
16803
10661
10664
10667
428
430
431
16814
433
434
436
441
443
446
448
449
451
452
453
457
463
466
16852
16854
16855
470
473
16858
16857
16860
476
478
479
16865
481
16867
484
483
16870
16871
488
16872
16874
16875
16876
493
494
16880
497
496
499
500
16886
503
502
505
16889
507
508
16893
510
511
16896
513
515
16899
517
16902
518
16904
16901
16906
16907
522
524
526
527
16911
529
530
532
16917
534
16919
536
537
16920
16923
16922
16925
16926
543
16928
545
16930
16931
548
16933
16934
546
16936
16938
16940
16941
16945
562
16947
564
16949
16950
567
16952
16953
565
16955
16957
16959
16960
16964
16966
16968
16969
16971
16986
16988
614
617
619
624
626
627
628
630
633
639
641
642
17026
17029
645
17031
647
648
650
17036
17038
17039
17040
660
17044
662
665
17050
17052
17053
17056
17058
17059
676
17061
541
680
681
683
685
686
17071
688
17072
17074
691
23220
694
23225
23227
17086
23230
17088
17089
17091
23236
17094
23239
17095
6861
6866
6868
6871
730
733
6877
735
6880
740
742
743
744
746
17131
749
17134
17136
3813
755
17141
758
17143
17144
761
17145
17147
764
757
766
17150
763
17156
17158
17159
776
23303
778
23305
23308
781
17162
17165
17167
17164
23319
792
17177
17179
796
797
17182
799
6944
801
802
6946
804
6949
807
17193
810
17197
17198
23341
17200
23343
17202
17203
23346
17205
6960
17208
17211
3828
23357
7085
6982
6984
6987
6998
23390
23391
23392
23394
23395
23397
23402
23404
23407
23408
23409
23411
23412
23413
23417
3840
7036
7037
7038
23423
7040
7041
23426
7043
23430
7048
23433
7050
23436
7053
23438
7055
23439
23441
7058
23443
23444
7060
7059
7056
7064
23448
23453
7070
23454
23456
23457
7073
23459
23460
7077
23462
23463
7080
23465
7106
23467
23468
7083
7086
23471
7088
23473
7090
7091
23475
23477
23478
7095
23482
23484
7101
23486
7103
7104
23489
23490
23487
23492
7100
23494
7110
7112
23496
23497
7109
7107
23501
7118
7114
7120
23504
7122
23506
7124
7125
7117
7115
7129
7131
7133
7134
23519
7136
7137
23517
7139
7141
7143
7144
7148
7151
7153
7163
7165
7166
7168
23557
23560
23562
23567
23569
23570
23571
23575
23581
23583
23584
23587
23589
23590
23592
7215
23602
23603
7220
23605
7218
7225
7227
7228
7229
7231
23617
7234
23619
23620
23622
7240
23625
23626
7243
7242
7246
7248
7249
7251
7261
13405
7263
13410
7266
13412
13415
23657
23660
7277
23662
13421
13424
7281
7282
23667
7284
23669
7286
7287
23670
7289
23671
23675
7292
16916
7295
23681
23683
23684
23687
23689
23690
23692
23702
23703
23705
7326
7329
7331
23717
23719
7336
23720
23722
7339
7340
23725
23726
7338
7344
13488
13490
13493
7350
7352
7353
7356
7358
7359
13504
7361
7371
7372
7374
13526
13528
7386
13531
7388
7389
7391
7394
7395
13542
13580
13581
13582
13584
13585
13587
13592
13594
13597
13599
13600
13602
13603
13604
13608
13614
13617
13621
13624
13627
13629
13630
13632
13634
13635
23470
13639
13644
13645
13647
13648
13650
13651
13653
13654
13656
13658
13659
13661
13662
13664
13666
13668
13669
13673
20221
13675
13677
13678
13680
13681
13683
13685
13687
13688
13692
13695
13697
13707
13709
13710
13712
13759
13762
13764
13769
13771
13772
13773
13775
13778
13784
13786
13787
13790
13792
13793
13795
13805
19949
13807
19954
13810
19956
19959
13821
19965
19968
13825
13826
13828
3588
13830
13831
13833
3593
3595
13836
3598
13839
3604
3607
13870
13873
13875
13880
13882
13883
13884
13888
20032
20034
20037
13894
13896
13897
13900
13902
13903
20048
13905
3672
3674
13915
13916
3677
13918
20070
20072
3688
13930
20075
13932
13933
13935
13938
13939
20086
3710
3712
3715
3726
20124
20125
20126
20128
20129
20131
20136
20138
20141
20143
20144
20146
20147
3764
20148
3766
3767
20152
3769
3770
3772
20158
3777
20161
3779
20165
3782
3783
20168
3784
3786
20171
3788
20173
20174
3787
3792
20176
20178
20179
3798
20183
3801
20188
3805
20189
20191
3808
20192
20194
20195
3811
20197
3814
20198
3816
20200
3818
3819
20202
20205
20206
20203
20208
3823
20210
20212
20213
3829
3831
3832
20217
3834
3835
20219
3837
3838
20222
20224
20225
3842
3843
20227
3845
3846
20231
3848
20229
3850
20232
3852
3853
20236
20239
3857
20241
3859
3861
3862
3864
3865
20251
3867
20253
20254
3871
20256
3869
3872
3876
3878
3880
3881
3883
3898
3900
20303
20306
20308
20313
20315
20316
20317
20319
20322
3938
3941
3943
20328
20330
20331
3948
20334
3950
3952
20337
20336
20339
3956
3951
3962
3964
3965
20349
20351
3968
20354
3970
3971
3973
20365
3983
3984
20369
3986
20370
20372
10132
20374
20375
20377
10137
10139
20380
3998
20383
4000
4001
10142
4003
10148
4006
10151
4007
20414
20417
20419
20424
20426
20427
20428
4043
4046
4048
20432
4053
20438
4055
4056
4057
20441
4059
20440
20444
4062
20447
20446
20449
4068
4070
4071
10216
10218
20459
20460
10221
20462
4074
4077
4079
4076
10232
4089
20474
4091
20476
20477
4094
20479
20478
20480
4092
7384
4111
10255
3855
10260
4113
4116
10258
4119
4121
4118
10257
10307
10309
10312
10344
10315
10341
10322
10410
10325
10440
10329
10338
10320
10335
10324
10343
10346
10348
10353
10354
10356
10359
10361
10374
10364
10366
10371
10370
10400
10369
10377
10486
10380
10351
10383
10652
10388
10385
10368
10393
10395
10391
10398
10668
10402
10418
10407
10404
10365
10412
10414
10337
10417
10419
10421
10437
10426
10423
10443
10441
10347
10484
258
10493
254
10502
468
10513
10507
255
10497
10499
259
257
10503
10552
10501
10488
10483
10518
10516
10498
10531
10529
16688
16682
16684
10541
16685
7294
10543
10549
16689
10546
16687
10548
252
336
334
333
10588
10350
10591
10608
10619
10598
10602
10604
10605
369
374
10609
372
10613
10607
16761
16766
10593
10219
16764
10589
10624
371
17166
10634
10639
10637
10636
13928
10655
16799
10399
16804
10657
10660
16802
10663
10665
10662
427
429
432
16801
465
435
462
442
531
445
447
450
459
440
456
444
464
467
16851
16853
16856
469
472
16859
16888
16885
475
477
480
16866
482
16954
485
495
16869
16984
487
16873
16882
16864
16879
492
491
16868
490
521
498
474
16887
471
501
504
16890
795
509
16892
506
489
16897
514
516
16898
512
16903
519
16905
16900
16918
16908
811
523
679
528
16910
525
486
533
16914
535
16944
458
538
16913
17030
16921
16924
16895
542
16927
558
17196
16932
544
16929
16912
547
16937
16939
16935
16942
17212
561
16946
577
16962
16951
563
16948
16909
566
16956
16958
16881
16961
16963
16965
16981
16970
16967
16987
16985
616
618
625
635
646
640
629
631
632
636
695
634
16891
17028
620
17037
615
651
649
17046
17057
17051
17041
661
17043
666
664
17047
17096
17045
17032
17027
17062
663
17060
540
3996
682
539
684
687
17042
690
17075
17073
692
23232
689
23226
23228
17085
23229
13838
17087
17093
23233
17090
23231
17092
6873
6869
7075
6870
731
732
6874
734
6872
751
762
741
745
747
17132
748
16894
17135
3812
752
17152
750
17163
17142
736
17146
17148
767
756
765
17149
331
17153
17157
17151
777
23304
782
23309
23307
780
17137
17133
17168
16763
23691
779
17178
17183
23715
798
17181
520
6867
800
803
6950
806
6948
808
17180
805
20472
17199
23342
16943
23347
17201
17204
23345
17207
6947
17209
17206
3827
23344
7084
6983
6988
6986
6985
23389
23502
23393
23425
23396
23422
23403
23491
23406
23515
23410
23419
23401
23416
23405
3839
7035
7149
7039
23424
7072
7042
23427
7069
23429
7049
23434
7138
23435
7052
23437
7054
23440
23442
7066
23455
23445
7063
7047
7057
7051
23447
23452
7071
23451
23481
23450
7074
23458
23561
7076
23461
23432
7079
23464
7105
23480
23469
7082
7087
23449
7089
23474
7102
7092
23476
23472
23479
7094
23727
23483
7098
23499
7128
7097
23485
23446
23488
23493
7099
23495
7078
7111
23418
23498
7108
7081
23500
7096
7127
7121
23505
7123
23503
7119
7126
7113
7116
7396
7130
7280
7135
23516
7132
7093
23518
7140
7142
7065
7145
7147
7152
7150
7162
7178
7167
7164
23428
23559
23568
23577
23588
23582
23572
23574
23578
23627
23576
23563
23558
23593
23591
7217
23573
23606
7226
23604
7219
7236
7247
7241
7230
7232
23616
7233
20382
23618
23624
7237
23621
23623
7235
7296
7221
7216
7252
7250
7262
13417
7267
13413
7265
13619
13414
23658
23431
7264
23661
13418
13416
10540
7283
23677
7146
23688
7285
7288
23668
7291
23672
23674
7293
16915
7290
23678
23682
23676
23663
23306
23659
23693
23673
23706
23704
7327
7328
7330
23716
809
7346
23718
23724
7337
7341
23721
23723
7357
7343
13411
13494
13492
7347
7351
7345
7332
6945
7362
13491
7360
7342
7375
7373
13527
13532
7385
13530
4122
7387
7393
7390
7392
13529
13579
13693
13583
13616
13586
13613
13593
13682
13596
13598
13601
13610
13591
13607
13595
13615
13618
13620
13623
13626
13628
13631
13633
13646
13636
23466
13638
13643
13642
13672
13641
13649
13625
13652
13622
13655
13671
13660
13657
13640
13665
13667
13663
13670
13940
20368
13674
13824
13679
13676
13637
13684
13686
13609
13689
13691
13696
13694
13706
13722
13711
13708
13761
13763
13770
13780
13791
13785
13774
13776
13777
13781
13840
13779
13765
13760
13796
13794
13806
19961
13811
19957
13809
20163
19958
13808
19962
19960
17084
13827
13690
3600
13829
13832
13835
3594
3596
13837
3597
13834
3601
3599
13871
13872
13874
13890
13901
13881
13885
13887
19955
20038
20036
13891
13895
13889
13876
13489
13906
20035
13904
3673
3678
13886
13919
3676
13917
20071
20076
4078
13929
20074
10666
13931
13937
13934
13936
20073
3711
3716
3714
3713
20123
20237
20127
20160
20130
20157
20137
20226
20140
20142
20145
20154
20135
3763
20151
3765
3768
20139
3800
3771
3797
20159
3778
20162
3866
20164
3781
3896
20167
3785
3794
20170
3791
20172
20175
3776
3780
20177
20190
20180
3799
20182
3802
20187
3804
20186
20216
3809
20185
20193
20169
3810
20196
3815
20166
3817
20199
3830
3820
20215
20201
20184
20204
20209
3822
20211
20207
20214
3826
3856
3825
20484
3833
3942
20218
3836
3807
20223
20220
20181
4108
3844
20228
3841
3824
20153
3849
20230
3851
20233
3847
3854
20235
20240
4124
20238
3858
3874
3863
3860
3821
20250
3868
20266
20255
3793
20252
3870
3873
3875
3877
3893
3882
3879
3899
3897
20305
20307
20314
20324
20335
20329
20318
20320
20321
3803
3940
3949
20325
20384
20323
3958
20309
3969
3953
20340
20304
20338
3955
3963
3959
4008
3957
20350
20355
3944
20353
3939
3974
3972
20352
3954
3987
23615
3985
20371
20234
10144
20373
20376
20379
10138
10140
20381
3997
20378
693
3999
10141
4005
10145
4002
10143
4004
20415
20416
20418
20434
20445
20425
20429
4044
3806
4047
20431
4064
20435
4075
4054
4058
20433
4060
20439
20420
4061
20450
20033
20448
4065
4069
4063
10217
10222
20430
20463
10220
20461
4049
4045
4080
3675
10622
4090
20473
4095
17210
20475
4093
20481
