4736 4735
4736 4737
4737 4734
4737 4763
4555 4553
4555 4556
4555 4584
5255 3346
5255 3347
5255 5256
5255 5258
5256 3345
5256 5434
5257 3347
5257 5258
5257 5259
5257 5261
5258 5288
5258 5434
5258 5437
5259 5260
5259 5288
5260 5261
5261 3379
3343 3344
3343 3346
3343 3347
3343 3349
3344 3345
3344 4551
3345 3346
3345 4552
3345 4732
3345 5435
3345 5960
3345 5961
3347 3348
3347 3379
3348 3349
3348 3350
3348 3352
3349 3382
3349 4551
3349 4553
3350 3351
3350 3382
3351 3352
3352 3379
4763 4733
4763 6519
5288 5438
6315 5435
6315 5436
6315 5961
6315 5962
6316 5436
6316 5962
6316 6317
6316 6319
6317 5993
6317 6318
6318 6319
6319 5466
3382 4557
5434 5435
5434 5436
5436 5437
5436 5466
5437 5438
5437 5440
5438 5439
5439 5440
5440 5466
4551 4552
4551 4554
5959 5960
5959 5961
5959 5962
5959 5964
4552 4731
5960 6515
5963 5962
5963 5964
5963 5965
5963 5967
4553 4554
4553 4557
5966 5965
5966 5967
4556 4557
5962 5993
5964 5996
5964 6515
5964 6516
5965 5996
4554 4584
4554 4731
4554 4734
5967 5993
4584 4735
5996 6517
6515 4732
6515 4733
6516 4733
6516 6517
6516 6519
6517 6518
6518 6519
4731 4732
4731 4733
4733 4734
4734 4735
