12478 12479
12478 12481
12479 12480
12479 12500
12480 12481
12480 12495
12480 12501
12480 12522
12480 12523
12480 12549
12480 12568
12481 12494
12494 12495
12495 12573
12500 12501
12501 12554
12503 12504
12503 12505
12503 12506
12503 12508
12504 9889
12504 13059
12505 9889
12505 12859
12506 12507
12506 12537
12506 12859
12506 12860
12507 12508
12507 12509
12507 12511
12508 12540
12508 13059
12508 13060
12509 12510
12509 12540
12510 12511
12510 12512
12510 12517
12510 12535
12510 12538
12511 12537
12512 12513
12512 12515
12512 12516
12513 12514
12513 12535
12514 12515
12514 12530
12514 12536
12514 12578
12514 12869
12514 12870
12514 12884
12515 12529
12516 12517
12516 12527
12516 12528
12516 12529
12516 12532
12517 12518
12517 12520
12518 12519
12518 12538
12519 12520
12519 12533
12519 12539
12519 12559
12519 13069
12519 13070
12519 13084
12520 12532
12521 12522
12521 12523
12521 12524
12521 12526
12522 12548
12523 12567
12524 12525
12524 12531
12524 12567
12524 12569
12525 12526
12525 12527
12525 12528
12526 12534
12526 12548
12526 12550
12527 12534
12528 12531
12529 12530
12529 12531
12530 12577
12531 12572
12531 12577
12532 12533
12532 12534
12533 12558
12534 12553
12534 12558
12535 12536
12535 12537
12536 12887
12537 12861
12537 12887
12538 12539
12538 12540
12539 13087
12540 13061
12540 13087
11977 10073
11977 10080
11977 11824
11977 11825
13077 13071
13077 13076
13077 13085
13077 13125
13077 13127
12548 12549
12549 12554
12550 12551
12550 12553
12551 12552
12551 12555
12552 12553
12552 12556
12552 12558
12552 13128
12552 13129
12552 13132
12555 12556
12556 13131
12558 12559
12559 13132
12567 12568
12568 12573
12569 12570
12569 12572
12570 12571
12570 12574
12571 12572
12571 12575
12571 12577
12571 12928
12571 12929
12571 12932
12574 12575
12575 12931
12577 12578
12578 12932
12859 11979
12859 11980
12860 11980
12860 12861
12860 12863
12861 12862
12862 12863
12862 12864
12862 12868
12862 12886
12862 12887
12863 12010
12864 12865
12864 12866
12864 12867
12865 11987
12865 12886
12866 11987
12866 12880
12867 12868
12867 12878
12867 12879
12867 12880
12867 12883
12868 12869
12868 12870
12869 12887
12870 12883
12871 12872
12871 12874
12871 12875
12871 12877
12872 12873
12872 12925
12873 12874
12873 12896
12873 12897
12873 12911
12873 12917
12873 12926
12873 12939
12874 12938
13141 11366
13141 13140
13141 13144
12876 12875
12876 12877
12876 12878
12876 12879
12877 12885
12877 12925
12877 12927
12878 12885
12879 12882
12880 12881
12880 12882
12881 11987
12881 12945
12882 12875
12882 12942
12882 12945
12883 12884
12883 12885
12884 12932
12885 12929
12885 12932
12886 12009
12886 12010
13145 11366
13145 11373
13145 13081
13145 13082
11108 11107
11108 11109
11108 11123
11108 11127
11108 11261
11108 11288
11108 11289
11108 11303
12895 12896
12895 12897
12896 12916
12897 12910
12910 12911
12911 12943
12916 12917
12917 12930
11116 11110
11116 11115
11116 11124
11116 11250
11116 11252
12925 12926
12926 12930
12927 12928
12927 12929
12928 12931
12938 12875
12938 12939
12939 12943
12940 12875
12940 12941
12940 12942
12941 12069
12941 12944
12942 12069
12944 12073
12945 12069
12945 12076
9907 9906
9907 9908
9907 10050
9909 9906
9909 9908
9909 10069
9910 9906
9910 9911
9910 9917
9910 10069
9910 10071
9912 9906
9912 9911
9912 9920
9912 10050
9912 10052
9913 9901
9913 9911
9913 9920
9914 9901
9914 9911
9914 9917
9915 9900
9915 9901
9915 9916
9915 9917
9918 9901
9918 9905
9918 9919
9918 9920
11956 11955
11956 11957
11956 11960
9921 9895
9921 9898
9921 9922
9921 9923
13059 11276
13059 11277
13060 11277
13060 13061
13060 13063
13061 13062
13062 13063
13062 13064
13062 13068
13062 13086
13062 13087
13063 11307
13064 13065
13064 13066
13064 13067
13065 11284
13065 13086
13066 11284
13066 13080
13067 13068
13067 13078
13067 13079
13067 13080
13067 13083
9924 9895
9924 9903
9924 9925
9924 9926
13069 13068
13069 13087
13070 13068
13070 13083
13071 13072
13071 13074
13071 13075
13073 13072
13073 13074
13073 13096
13073 13097
13073 13111
13073 13117
13073 13126
13073 13139
13072 13125
13074 13138
13076 13075
13076 13078
13076 13079
13075 13082
13075 13138
13075 13140
13078 13085
13079 13082
13080 13081
13080 13082
13081 11284
13082 13142
13083 13084
13083 13085
13084 13132
13085 13129
13085 13132
11963 11827
11963 11828
11963 11957
11963 11964
13086 11306
13086 11307
13095 13096
13095 13097
13096 13116
13097 13110
13110 13111
13111 13143
13116 13117
13117 13130
13125 13126
11971 11816
11971 11970
11971 11975
13127 13128
13127 13129
13126 13130
13131 13128
11973 10073
11973 11972
11973 11976
9938 9908
9938 9937
9938 9960
13138 13139
13139 13143
13140 13142
11974 10073
11974 11825
11974 11972
9939 9908
9939 9937
9939 9954
13144 11370
11095 9888
11095 9893
11095 11096
11095 11098
11096 9889
11096 11275
11097 9893
11097 11098
11097 11099
11097 11101
11098 11128
11098 11275
11098 11278
11099 11100
11099 11128
11100 11101
11100 11102
11100 11106
11100 11125
11100 11126
11101 9926
11103 9904
11103 11102
11103 11125
11104 9904
11104 11102
11104 11119
11105 11102
11105 11106
11105 11117
11105 11118
11105 11119
11105 11122
11107 11106
11107 11126
11109 11106
11109 11122
11110 11111
11110 11113
11110 11114
11112 11111
11112 11113
11112 11139
11112 11140
11112 11155
11112 11161
11112 11251
11112 11268
11111 11250
11113 11267
11115 11114
11115 11117
11115 11118
11114 11121
11114 11267
11114 11269
11117 11124
11118 11121
11119 11120
11119 11121
11120 9904
11120 11274
11121 11271
11121 11274
11122 11123
11122 11124
11123 11260
11124 11255
11124 11260
11125 9925
11125 9926
11126 11127
11126 11128
11127 11308
11128 11279
11128 11308
13142 11366
11138 11139
11138 11140
11139 11160
11140 11154
11154 11155
11155 11272
11160 11161
11161 11256
9955 9908
9955 9954
9955 10075
11997 11993
11997 11998
11997 12004
11997 12065
11997 12067
11250 11251
11251 11256
11252 11253
11252 11255
11253 11254
11253 11257
11254 11255
11254 11258
11254 11260
11254 11350
11254 11351
11254 11354
11257 11258
11258 11353
11260 11261
11261 11354
11267 11268
11268 11272
11269 11270
11269 11271
11270 10054
11270 11273
11271 10054
11273 10058
11274 10054
11274 10061
11275 11276
11275 11277
11276 9889
11277 11278
11277 11307
11278 11279
11278 11281
11279 11280
11280 11281
11280 11282
11280 11287
11280 11305
11280 11308
11281 11307
11282 11283
11282 11285
11282 11286
11283 11284
11283 11305
11284 11285
11284 11300
11284 11306
11284 11373
11285 11299
11286 11287
11286 11297
11286 11298
11286 11299
11286 11302
11287 11288
11287 11289
11288 11308
11289 11302
11290 11291
11290 11293
11290 11294
11290 11296
11291 11292
11291 11347
11292 11293
11292 11317
11292 11318
11292 11333
11292 11339
11292 11348
11292 11363
11293 11362
11294 11295
11294 11301
11294 11362
11294 11364
11295 11296
11295 11297
11295 11298
11296 11304
11296 11347
11296 11349
11297 11304
11298 11301
11299 11300
11299 11301
11300 11372
11301 11367
11301 11372
11302 11303
11302 11304
11303 11354
11304 11351
11304 11354
11305 11306
11305 11307
11316 11317
11316 11318
11317 11338
11318 11332
11332 11333
11333 11368
11338 11339
11339 11352
11347 11348
11348 11352
11349 11350
11349 11351
11350 11353
11362 11363
11363 11368
11364 11365
11364 11367
11365 11366
11365 11369
11366 11367
11366 11370
11366 11372
11369 11370
11372 11373
11799 9890
11799 9891
11799 11800
11799 11802
11800 9889
11800 11978
11801 9891
11801 11802
11801 11803
11801 11805
11802 11832
11802 11978
11802 11981
11803 11804
11803 11832
11804 11805
11804 11806
11804 11810
11804 11829
11804 11830
11805 9923
11806 11807
11806 11808
11806 11809
11807 9899
11807 11829
11808 9899
11808 11823
11809 11810
11809 11821
11809 11822
11809 11823
11809 11826
11810 11811
11810 11813
11811 11812
11811 11830
11812 11813
11812 11827
11812 11831
11812 11964
11812 11991
11812 11992
11812 12006
11813 11826
11814 11815
11814 11817
11814 11818
11814 11820
11815 11816
11815 11953
11816 11817
11816 11843
11816 11844
11816 11859
11816 11865
11816 11954
11817 11970
11818 11819
11818 11825
11818 11970
11818 11972
11819 11820
11819 11821
11819 11822
11820 11828
11820 11953
11820 11955
11821 11828
11822 11825
11823 11824
11823 11825
11824 9899
11826 11827
11826 11828
11828 11958
11829 9922
11829 9923
11830 11831
11830 11832
11831 12011
11832 11982
11832 12011
11842 11843
11842 11844
11843 11864
11844 11858
11858 11859
11859 11975
11864 11865
11865 11959
9887 9888
9887 9890
9887 9891
9887 9893
9888 9889
9889 9890
9889 11979
9891 9892
9891 9923
9892 9893
9892 9894
9892 9896
9893 9926
9894 9895
9894 9926
9895 9896
9895 9897
9895 9902
9896 9923
9897 9898
9897 9900
9897 9901
9898 9899
9899 9900
9899 9916
9899 9922
9899 10080
9901 9902
9902 9903
9902 9905
9903 9904
9904 9905
9904 9919
9904 9925
9904 10061
11953 11954
11955 11958
11957 11958
11957 11961
11957 12053
11957 12054
11957 12057
9908 9961
9908 10051
9908 10070
11959 11954
11960 11961
11964 12057
9916 10079
9917 10074
9917 10079
9919 10060
9920 10055
9920 10060
11961 12056
11976 10077
11978 11979
11978 11980
11980 11981
11980 12010
11981 11982
11981 11984
11982 11983
11983 11984
11983 11985
11983 11990
11983 12008
11983 12011
11984 12010
11986 11985
11986 11987
11986 12008
11985 11988
11985 11989
11988 11987
11988 12002
11989 11990
11989 12000
11989 12001
11989 12002
11989 12005
11990 11991
11990 11992
11991 12011
11992 12005
11993 11994
11993 11996
11993 11999
11987 12003
11987 12009
11987 12076
11995 11994
11995 11996
11995 12020
11995 12021
11995 12036
11995 12042
11995 12051
11995 12066
11996 12065
11994 12050
11998 11999
11998 12000
11998 12001
11999 12007
11999 12050
11999 12052
12000 12007
12001 12004
12003 12002
12003 12075
12004 12002
12004 12070
12004 12075
12005 12006
12005 12007
12006 12057
12007 12054
12007 12057
9960 9961
12009 12008
12010 12008
9961 10056
12019 12020
12019 12021
12020 12041
12021 12035
12035 12036
12036 12071
12041 12042
12042 12055
12050 12051
12051 12055
12052 12053
12052 12054
12053 12056
12065 12066
12066 12071
12067 12068
12067 12070
12068 12069
12068 12072
12069 12070
12069 12073
12069 12075
12072 12073
12075 12076
10050 10051
10051 10056
10052 10053
10052 10055
10053 10054
10053 10057
10054 10055
10054 10058
10054 10060
10057 10058
10060 10061
10069 10070
10070 10075
10071 10072
10071 10074
10072 10073
10072 10076
10073 10074
10073 10077
10073 10079
10076 10077
10079 10080
