15488 15458
15488 15459
15488 18740
13943 13941
13943 13944
13943 13973
13943 15455
13943 15457
13945 13392
13945 13944
13945 13946
16660 16628
16660 16633
16660 16999
13973 13947
13973 15461
16663 16630
16663 16631
16663 17217
13725 13356
13725 13357
13725 13726
13725 13727
13726 13355
13726 16997
13727 13728
13727 13757
13727 16997
13727 16998
13728 13357
13728 13729
13728 13731
13729 13389
13729 13730
13730 13731
13731 13757
13353 13354
13353 13356
13353 13357
13353 13359
13354 13355
13354 13941
13355 13356
13355 13942
13355 15456
13355 16626
13355 16627
13355 17214
13357 13358
13357 13389
13358 13359
13358 13360
13358 13362
13359 13392
13359 13941
13359 13944
13360 13361
13360 13392
13361 13362
18738 15456
18738 15458
18738 17214
18738 17215
18739 15458
18739 17215
18739 18740
18739 18742
18740 18741
18741 18742
13362 13389
18742 17245
17213 16626
17213 16630
17213 17214
17213 17215
13757 17001
17216 16630
17216 17215
17216 17217
17216 17219
17215 17245
17218 17217
17218 17219
17219 17245
16631 16629
16631 16632
15455 13942
15455 15456
15455 15458
16632 16633
15457 15458
15457 15459
15457 15461
15460 15459
15460 15461
16997 16627
16997 16628
16998 16628
16998 16999
16998 17001
16999 17000
17000 17001
16625 16626
16625 16627
16625 16628
16625 16630
16628 16629
13941 13942
16629 16630
16629 16633
13944 13947
13946 13947
