10273 7002
10273 7003
10273 10274
10273 10276
10274 389
10274 13545
10275 7003
10275 10276
10275 10277
10275 10279
10276 10306
10276 13545
10276 13548
10277 10278
10277 10306
10278 10279
10278 10280
10278 10284
10278 10303
10278 10304
10279 7033
10280 10281
10280 10282
10280 10283
10281 7010
10281 10303
10282 7010
10282 10297
10283 10284
10283 10295
10283 10296
10283 10297
10283 10300
10284 10285
10284 10287
10285 10286
10285 10304
10286 10287
10286 10301
10286 10305
10286 10439
10286 13558
10286 13559
10286 13573
10287 10300
10288 10289
10288 10291
10288 10292
10288 10294
10289 10290
10289 10428
10290 10291
10290 10318
10290 10319
10290 10334
10290 10340
10290 10429
10290 10446
10291 10445
10292 10293
10292 10299
10292 10445
10292 10447
10293 10294
10293 10295
10293 10296
10294 10302
10294 10428
10294 10430
10295 10302
10296 10299
10297 10298
10297 10299
10298 7010
10298 10452
10299 10449
10299 10452
10300 10301
10300 10302
10301 10438
10302 10433
10302 10438
10303 7032
10303 7033
10304 10305
10304 10306
10305 13578
10306 13549
10306 13578
10317 10318
10317 10319
10318 10339
10319 10333
10333 10334
10334 10450
10339 10340
10340 10434
438 408
438 437
438 460
439 408
439 437
439 454
10428 10429
10429 10434
10430 10431
10430 10433
10431 10432
10431 10435
10432 10433
10432 10436
10432 10438
10432 13701
10432 13702
10432 13705
10435 10436
10436 13704
10438 10439
10439 13705
10445 10446
10446 10450
10447 10448
10447 10449
10448 7173
10448 10451
20116 20100
20116 20103
20116 20117
20116 20118
10451 7177
10452 7173
10452 7180
10449 7173
23378 23372
23378 23377
23378 23386
23378 23507
23378 23509
3736 3734
3736 3737
3736 3738
3736 3739
3740 3734
3740 3739
3740 3741
3740 3743
387 388
387 390
387 391
387 393
388 389
388 23360
389 390
389 3730
389 7002
389 13546
389 16818
389 20090
390 3729
391 392
391 423
391 3729
391 3731
392 393
392 394
392 396
393 426
393 23360
393 23361
394 395
394 426
395 396
395 397
395 402
395 421
395 424
396 423
397 398
397 400
397 401
398 399
398 421
399 400
399 416
399 422
399 579
399 3737
399 3738
399 3754
400 415
401 402
401 413
401 414
401 415
401 418
402 403
402 405
403 404
403 424
404 405
404 419
404 425
404 560
404 23370
404 23371
404 23385
405 418
406 407
406 409
406 410
406 412
407 408
407 549
408 409
408 455
408 461
408 550
408 569
409 568
410 411
410 417
410 568
410 570
411 412
411 413
411 414
412 420
412 549
412 551
413 420
414 417
415 416
415 417
416 578
417 573
417 578
418 419
418 420
419 559
420 554
420 559
3747 3744
3747 3746
3747 3901
422 421
422 3759
423 421
423 3735
423 3759
425 424
425 23388
426 424
426 23362
426 23388
3748 3744
3748 3749
3748 3755
3748 3901
3748 3903
16817 13546
16817 13547
16817 16818
16817 16820
16818 20089
16819 13547
16819 16820
16819 16821
16819 16823
16820 16850
16820 20089
16820 20092
16821 16822
16821 16850
16822 16823
16822 16824
16822 16828
16822 16847
16822 16848
16823 13577
16825 13554
16825 16824
16825 16847
16826 13554
16826 16824
16826 16841
16827 16824
16827 16828
16827 16839
16827 16840
16827 16841
16827 16844
3750 3744
3750 3749
3750 3758
3750 3884
3750 3886
16829 16828
16829 16830
16829 16848
7008 7006
7008 7009
7008 7011
7008 7012
16831 16828
16831 16830
16831 16844
16832 16833
16832 16835
16832 16836
16832 16838
16834 16833
16834 16835
16834 16862
16834 16863
16834 16878
16834 16884
16834 16973
16834 16990
16830 16845
16830 16849
16830 16983
16830 20102
16830 20103
16830 20117
16837 16836
16837 16838
16837 16839
16837 16840
454 455
455 574
16838 16846
16838 16972
16838 16974
7010 7009
7010 7011
7010 7026
7010 7032
7010 7180
16842 13554
16842 16841
16842 16996
16843 16836
16843 16840
16843 16841
16843 16993
16843 16996
460 461
16845 16844
16845 16982
16846 16839
16846 16844
16846 16977
16846 16982
16847 13576
16847 13577
16849 16848
16849 20122
16850 16848
16850 20093
16850 20122
461 555
16861 16862
16861 16863
16862 16883
16863 16877
16877 16878
16878 16994
16883 16884
16884 16978
7022 7016
7022 7021
7022 7030
7022 7154
7022 7156
7023 7012
7023 7021
7023 7030
7024 7012
7024 7021
7024 7027
7028 7012
7028 7015
7028 7029
7028 7030
549 550
550 555
551 552
551 554
552 553
552 556
553 554
553 557
553 559
553 23510
553 23511
553 23514
556 557
557 23513
559 560
560 23514
568 569
569 574
570 571
570 573
571 572
571 575
572 573
572 576
572 578
572 3904
572 3905
572 3908
575 576
576 3907
578 579
579 3908
16972 16833
16972 16973
16973 16978
16974 16975
16974 16977
16975 16976
16975 16979
16976 16977
16976 16980
16976 16982
16976 20245
16976 20246
16976 20249
16979 16980
16980 20248
16982 16983
16983 20249
16989 16835
16989 16836
16989 16990
16990 16994
16991 16836
16991 16992
16991 16993
16992 13717
16992 16995
16993 13717
16995 13721
16996 13717
16996 13724
23360 20090
23360 20091
23361 20091
23361 23362
23361 23364
23362 23363
23363 23364
23363 23365
23363 23369
23363 23387
23363 23388
23364 20121
23365 23366
23365 23367
23365 23368
23366 20098
23366 23387
23367 20098
23367 23381
23368 23369
23368 23379
23368 23380
23368 23381
23368 23384
23369 23370
23369 23371
23370 23388
23371 23384
23372 23373
23372 23375
23372 23376
20113 20099
20113 20100
20113 20114
20113 20115
23374 23373
23374 23375
23374 23399
23374 23400
23374 23415
23374 23421
23374 23508
23374 23521
23373 23507
23375 23520
23377 23376
23377 23379
23377 23380
23376 23383
23376 23520
23376 23522
23379 23386
23380 23383
23381 23382
23381 23383
23382 20098
23382 23527
23383 23524
23383 23527
23384 23385
23384 23386
7001 3730
7001 3732
7001 7002
7001 7003
7003 7004
7003 7033
7004 3732
7004 7005
7004 7007
7005 3762
7005 7006
7006 7007
7006 7013
7006 7031
7006 7034
7007 7033
23385 23514
23386 23511
23386 23514
7009 7031
7011 7025
7012 7013
7012 7025
23398 23399
23398 23400
7015 3742
7015 7013
7014 3742
7014 7013
7014 7034
7016 7017
7016 7019
7016 7020
7018 7017
7018 7019
7018 7045
7018 7046
7018 7062
7018 7068
7018 7155
7018 7170
20119 20094
20119 20097
20119 20120
20119 20121
23399 23420
7021 7020
7017 7154
7019 7169
7020 7027
7020 7169
7020 7171
7026 7025
7026 7179
7027 7025
7027 7174
7027 7179
7029 3742
7029 7161
23414 23400
23414 23415
7030 7158
7030 7161
7032 7031
7033 7031
20122 20094
20122 20102
23420 23421
7034 3761
7034 3762
23421 23512
23415 23525
7044 7045
7044 7046
7045 7067
7046 7061
7061 7062
7062 7175
7067 7068
7068 7159
23387 20120
23387 20121
20133 20106
20133 20132
20133 20155
20134 20106
20134 20132
20134 20149
23507 23508
23508 23512
23509 23510
23509 23511
23510 23513
23520 23521
23521 23525
23522 23523
23522 23524
23523 20261
23523 23526
23526 20265
23527 20261
23527 20268
23524 20261
7154 7155
7155 7159
7156 7157
7156 7158
7157 3888
7157 7160
7158 3888
7160 3892
7161 3888
7161 3895
7169 7170
7170 7175
7171 7172
7171 7174
7172 7173
7172 7176
7173 7174
7173 7177
7173 7179
7176 7177
7179 7180
13545 13546
13545 13547
13547 13548
13547 13577
13548 13549
13548 13551
13549 13550
13550 13551
13550 13552
13550 13557
13550 13575
13550 13578
13551 13577
13552 13553
13552 13555
13552 13556
13553 13554
13553 13575
13554 13555
13554 13570
13554 13576
13554 13724
13555 13569
13556 13557
13556 13567
13556 13568
13556 13569
13556 13572
13557 13558
13557 13559
13558 13578
13559 13572
13560 13561
13560 13563
13560 13564
13560 13566
13561 13562
13561 13698
13562 13563
13562 13589
13562 13590
13562 13606
13562 13612
13562 13699
13562 13714
13563 13713
13564 13565
13564 13571
13564 13713
13564 13715
13565 13566
13565 13567
13565 13568
13566 13574
13566 13698
13566 13700
13567 13574
13568 13571
13569 13570
13569 13571
13570 13723
13571 13718
13571 13723
13572 13573
13572 13574
13573 13705
13574 13702
13574 13705
13575 13576
13575 13577
13588 13589
13588 13590
13589 13611
13590 13605
13605 13606
13606 13719
13611 13612
13612 13703
13698 13699
13699 13703
13700 13701
13700 13702
13701 13704
13713 13714
13714 13719
13715 13716
13715 13718
13716 13717
13716 13720
13717 13718
13717 13721
13717 13723
13720 13721
13723 13724
20089 20090
20089 20091
20091 20092
20091 20121
20092 20093
20092 20095
20093 20094
20094 20095
20094 20096
20094 20101
20095 20121
20096 20097
20096 20099
20096 20100
20097 20098
20098 20099
20098 20114
20098 20120
20098 20268
20100 20101
20100 20111
20100 20112
20101 20102
20101 20103
20104 20105
20104 20107
20104 20108
20104 20110
20105 20106
20105 20242
20106 20107
20106 20150
20106 20156
20106 20243
20106 20258
20107 20257
20108 20109
20108 20115
20108 20257
20108 20259
20109 20110
20109 20111
20109 20112
20110 20118
20110 20242
20110 20244
20111 20118
20112 20115
3729 3730
3729 3732
3731 3732
3731 3733
3731 3735
3732 3762
3733 3734
3733 3762
3734 3735
3734 3759
3734 3760
20114 20267
20115 20262
20115 20267
20117 20249
20118 20246
20118 20249
3737 3759
3738 3753
3739 3751
3739 3752
3739 3753
3739 3756
3741 3742
3741 3760
3743 3742
3743 3756
3744 3745
3746 3745
3746 3774
3746 3775
3746 3790
3746 3796
3746 3885
3746 3902
3749 3751
3749 3752
3742 3757
3742 3761
3742 3895
3745 3884
3753 3754
3753 3755
3754 3908
3755 3752
3755 3905
3755 3908
3756 3757
3756 3758
3757 3894
3758 3751
3758 3889
3758 3894
3761 3760
3762 3760
20149 20150
20150 20263
20155 20156
20156 20247
3773 3774
3773 3775
3774 3795
3775 3789
3789 3790
3790 3906
3795 3796
3796 3890
20242 20243
20243 20247
20244 20245
20244 20246
20245 20248
20257 20258
20258 20263
20259 20260
20259 20262
20260 20261
20260 20264
20261 20262
20261 20265
20261 20267
20264 20265
20267 20268
3884 3885
3886 3887
3886 3889
3887 3888
3887 3891
3888 3889
3888 3892
3888 3894
3890 3885
3891 3892
3894 3895
3901 3902
3902 3906
3903 3904
3903 3905
3904 3907
