389
23360
10273
387
13545
3729
16817
20089
7001
20090
7002
388
10274
390
13546
16818
3730
392
13577
395
3731
3734
20121
10275
10278
423
426
3762
16819
16822
23361
10306
23363
16850
7004
7006
13548
13550
7033
20092
20094
391
16823
396
3732
3733
23364
10276
10277
3735
394
7005
16820
16821
393
13549
23362
20093
7003
7007
13547
13551
10279
20091
20095
7169
7171
7173
7175
7176
7180
549
551
10281
553
10283
556
10285
555
10287
560
10288
10290
10282
10293
568
10298
10299
572
10301
574
10302
575
10305
570
579
16972
10317
16974
16976
16978
16979
16983
16989
10333
16991
16994
16995
10339
20097
20099
20100
20102
20103
20104
20106
20109
20114
20115
20117
20118
20120
3737
3738
3739
3741
3743
3744
3746
20132
3749
3754
3755
3757
3758
3761
20149
20155
10428
3773
10430
10432
10434
10435
10439
10445
3789
10447
10450
10451
3795
13553
13555
13556
13558
13559
13560
13562
13565
13570
13571
13573
13574
13576
20242
13588
20244
20247
20248
20257
20259
13605
20261
20263
20264
13611
20268
3884
3886
3888
3890
3891
3895
3901
3903
3906
3907
23366
23367
23368
23370
23371
23372
23374
23377
23382
23383
23385
23386
7009
7011
7012
23398
7015
7014
7016
7018
7021
7026
7027
7029
23414
7030
7032
23420
13698
7044
13700
13703
13704
398
400
401
13713
13715
403
405
406
7061
408
13719
13717
411
7067
13720
13724
416
417
419
420
422
425
437
16825
16826
16827
16829
16831
16832
16834
16837
454
16842
16843
460
16845
16846
16849
23507
23509
23512
23513
16861
23520
23522
23525
23526
16877
7154
16883
7156
7159
7160
7170
7172
7174
7062
7177
7179
412
552
10280
554
10284
557
10286
550
10300
23514
10289
10291
10297
10292
569
10452
10296
573
10438
455
10295
576
10304
571
578
16838
10318
16975
16977
16973
16980
20249
16990
10319
16993
16878
16992
10340
20119
20098
20096
20122
20101
20105
20107
20108
20113
20112
20116
20111
23387
3736
3753
3740
3742
3756
3745
3747
20133
3748
3908
3752
3894
3751
3760
20134
20156
10294
3774
10431
10433
10429
10436
13705
10446
3775
10449
10334
10448
3796
13575
13554
13552
13578
13557
13561
13563
13564
13569
13568
13572
13567
16847
20110
13589
20246
20243
20245
20258
20260
13590
20262
20150
20265
13612
20267
3750
3887
3889
3885
3892
7161
3902
3905
3790
3904
23365
23381
23379
23388
23369
23373
23375
23376
23527
23380
404
23384
7031
7010
7008
23399
7013
7034
7017
7019
7020
7025
7024
7028
23400
7023
10303
23421
13566
7045
13702
13699
13701
421
399
397
13714
13716
402
418
407
7046
409
13606
13718
410
7068
13721
13723
415
414
559
413
3759
424
438
16824
16841
16828
16830
16844
16833
16835
16836
439
16996
16840
461
16982
16839
16848
23378
23511
23508
23510
16862
23521
23524
23415
23523
16863
7022
16884
7158
7155
7157
