19866 19864
19868 19864
19872 19778
19872 19864
19873 19864
19873 19875
21854 21852
21856 21852
21861 21852
21861 21863
21860 21826
21860 21852
21839 21837
21844 21832
21844 21837
21845 21751
21845 21837
21841 21837
22941 22939
20941 20939
20941 20944
22943 22939
22946 22934
22946 22939
22947 22373
22947 22939
22954 22952
20957 20944
20957 20959
22956 22952
22959 22928
22959 22952
22960 21173
22960 22952
20963 20939
20963 20965
22294 22288
22294 22293
22310 22293
22310 22312
22316 22288
22316 22318
21052 21050
21630 21628
21630 21633
21054 21050
21058 20965
21058 21050
21059 21050
21059 21061
21069 21067
21652 21628
21652 21654
21071 21067
21074 20959
21074 21067
21075 19875
21075 21067
21646 21633
21646 21648
22364 22362
21118 21116
21118 21121
22366 22362
22370 22318
22370 22362
22371 22362
22371 22373
22383 22381
22385 22381
21134 21121
21134 21136
22389 22312
22389 22381
22390 22381
22390 22392
21140 21116
21140 21142
21759 21757
21761 21757
21764 21648
21764 21757
21765 19894
21765 21757
21742 21740
21744 21740
21748 21654
21748 21740
21749 21740
21749 21751
22711 22709
22711 22714
22732 22709
22732 22734
22726 22714
22726 22728
21149 21147
19753 19751
19753 19756
21151 21147
21154 21142
21154 21147
21155 21061
21155 21147
21164 21162
21166 21162
19776 19751
19776 19778
21170 21136
21170 21162
19770 19756
19770 19772
21171 21162
21171 21173
21808 21806
21808 21811
21830 21806
21830 21832
21824 21811
21824 21826
22754 22752
22756 22752
22759 22728
22759 22752
22760 21863
22760 22752
22911 22909
22911 22914
22741 22739
22743 22739
22746 22734
22746 22739
22747 22392
22747 22739
22926 22914
22926 22928
19885 19883
22932 22909
22932 22934
19887 19883
19891 19772
19891 19883
19892 19883
19892 19894
