13577 13575
13577 16847
395 397
395 402
395 421
395 424
3734 3736
3734 3740
3734 3759
3734 3760
20121 20119
20121 23387
10278 10280
10278 10284
10278 10303
10278 10304
423 421
423 3759
426 424
426 23388
3762 3760
3762 7034
16822 16824
16822 16828
16822 16847
16822 16848
10306 10304
10306 13578
23363 23365
23363 23369
23363 23387
23363 23388
16850 16848
16850 20122
7006 7008
7006 7013
7006 7031
7006 7034
13550 13552
13550 13557
13550 13575
13550 13578
7033 7031
7033 10303
20094 20096
20094 20101
20094 20119
20094 20122
