23587 23585
23587 23599
23308 23310
23308 23312
23308 23316
23308 23317
23692 23694
23692 23696
23692 23699
23692 23700
23236 23234
23236 23354
23433 23435
23433 23440
23433 23458
23433 23461
23319 23317
23319 23700
23239 23237
23239 23316
23687 23685
23687 23699
23592 23594
23592 23596
23592 23599
23592 23600
23460 23458
23460 23588
23220 23217
23220 23221
23220 23234
23220 23237
23357 23355
23357 23600
23662 23664
23662 23668
23662 23685
23662 23688
23562 23564
23562 23568
23562 23585
23562 23588
23463 23461
23463 23688
23346 23348
23346 23350
23346 23354
23346 23355
