14620 14618
14622 14618
14626 14592
14626 14618
14627 14618
14627 14629
13341 13339
13343 13339
13348 13339
13348 13350
13347 13228
13347 13339
13322 13320
13328 13234
13328 13320
13329 13320
13329 13331
13324 13320
16210 16208
16367 16365
16367 16370
16212 16208
16215 16184
16215 16208
16216 15319
16216 16208
16197 16195
16382 16370
16382 16384
16199 16195
16202 16190
16202 16195
16203 15848
16203 16195
16388 16365
16388 16390
15264 15262
15264 15267
15286 15262
15286 15288
15280 15267
15280 15282
16397 16395
14397 14395
14397 14400
16399 16395
16402 16390
16402 16395
16403 15829
16403 16395
16410 16408
14413 14400
14413 14415
16412 16408
16415 16384
16415 16408
16416 14629
16416 16408
14419 14395
14419 14421
15310 15308
15750 15744
15750 15749
15312 15308
15316 15282
15316 15308
15317 15308
15317 15319
15295 15293
15297 15293
15766 15749
15766 15768
15300 15288
15300 15293
15301 15207
15301 15293
15772 15744
15772 15774
14508 14506
14510 14506
14514 14421
14514 14506
14515 14506
14515 14517
14525 14523
14527 14523
14530 14415
14530 14523
14531 13331
14531 14523
15086 15084
15086 15089
15108 15084
15108 15110
15102 15089
15102 15104
15820 15818
14574 14572
14574 14577
15822 15818
15826 15774
15826 15818
15827 15818
15827 15829
15839 15837
15841 15837
14590 14577
14590 14592
15845 15768
15845 15837
14596 14572
14596 14598
15846 15837
15846 15848
13209 13207
13209 13212
13232 13207
13232 13234
13226 13212
13226 13228
15215 15213
15217 15213
15220 15104
15220 15213
15221 13350
15221 15213
16167 16165
16167 16170
15198 15196
15200 15196
15204 15110
15204 15196
15205 15196
15205 15207
16188 16165
16188 16190
14605 14603
16182 16170
16182 16184
14607 14603
14610 14598
14610 14603
14611 14517
14611 14603
