3712 3597
3712 3713
3712 3714
3712 3716
3968 3940
3968 3944
3968 3974
3970 3711
3970 3713
3970 3939
3970 3940
3715 3714
3715 3716
3588 3600
3588 3601
3971 3713
3971 3940
3971 3972
3971 3974
3973 3972
3973 3974
3716 3604
3593 3594
3593 3596
3593 3597
3593 3599
3594 3595
3594 3672
3595 3596
3595 3673
3595 3711
3595 3802
3595 3803
3595 3939
3595 4044
3596 3710
3597 3598
3597 3604
3597 3710
3598 3599
3598 3600
3598 3601
3726 3713
3726 3714
3726 3972
3599 3607
3599 3672
3599 3674
3600 3607
3601 3604
3607 3678
3944 3941
3944 3943
3675 3672
3675 3674
3675 3688
3675 4076
3675 4077
3676 3674
3676 3677
3676 3688
3804 3801
3804 3805
3804 3835
3804 3938
3804 3941
4043 3802
4043 3806
4043 4044
4043 4045
4044 4076
4045 4046
4045 4074
4045 4076
4045 4077
4046 3806
4046 4047
4046 4049
3806 3801
3806 3805
3806 3838
4048 4047
4048 4049
4049 4074
4047 3838
3672 3673
3673 4076
3801 3802
3801 3803
3803 3938
3805 3807
3805 3809
3674 3678
3677 3678
3808 3807
3808 3809
3807 3838
3938 3939
3938 3940
3941 3940
3941 3942
3809 3835
3943 3942
3688 4078
3942 3835
3710 3711
3710 3713
4074 4080
4077 4078
4077 4080
4078 4079
4079 4080
