14089 14087
14089 14776
10558 10560
10558 10565
10558 10583
10558 10586
10166 10168
10166 10173
10166 10191
10166 10194
13465 13463
13465 13869
11512 11514
11512 11518
11512 11537
11512 11538
10193 10191
10193 10586
10585 10583
10585 13868
10196 10194
10196 10818
14062 14064
14062 14069
14062 14087
14062 14090
11540 11538
11540 14777
13844 13846
13844 13850
13844 13868
13844 13869
13468 13466
13468 14090
10790 10792
10790 10797
10790 10815
10790 10818
14752 14754
14752 14758
14752 14776
14752 14777
10817 10815
10817 11537
13438 13440
13438 13445
13438 13463
13438 13466
