16131 15224
16131 15225
16131 15777
16131 15778
16132 15225
16132 15778
16132 16133
16132 16135
16133 15809
16133 16134
16134 16135
16135 15255
13195 13163
13195 13168
13195 15049
13198 13165
13198 13166
13198 14360
14354 13160
14354 13165
14354 14355
14354 14357
14355 13161
14355 14533
14356 13165
14356 14357
14356 14358
14356 14360
14357 14387
14357 14533
14357 14536
14358 14359
14358 14387
14359 14360
15255 15225
15255 15229
15775 15776
15775 15777
15775 15778
15775 15780
15776 13161
15776 16331
15777 13161
15778 15779
15778 15809
15779 15780
15779 15781
15779 15783
15780 15812
15780 16331
15780 16332
15781 15782
15781 15812
15782 15783
15783 15809
14535 14533
14535 14536
14535 14565
14535 16331
14535 16332
14387 14537
15046 15043
15046 15045
15046 15076
15046 15223
15046 15226
15043 13162
15043 13163
15043 15044
15044 13161
15044 15223
14533 14534
14534 13161
14534 16331
15045 13163
15045 15047
15045 15049
15812 16333
15048 15047
15048 15049
14536 14537
14536 14539
16332 16333
16332 16335
14538 14537
14538 14539
16334 16333
16334 16335
15047 15076
14539 14565
16335 14565
15076 15227
13159 13160
13159 13162
13159 13163
13159 13165
13160 13161
13161 13162
13161 15224
13163 13164
13164 13165
13164 13166
13164 13168
13166 13167
13167 13168
15223 15224
15223 15225
15225 15226
15226 15227
15226 15229
15227 15228
15228 15229
