11307 11305
11307 13086
11804 11806
11804 11810
11804 11829
11804 11830
11983 11985
11983 11990
11983 12008
11983 12011
9926 9924
9926 11125
12510 12512
12510 12517
12510 12535
12510 12538
11832 11830
11832 12011
9923 9921
9923 11829
12010 12008
12010 12886
11280 11282
11280 11287
11280 11305
11280 11308
12540 12538
12540 13087
9895 9897
9895 9902
9895 9921
9895 9924
11128 11126
11128 11308
12862 12864
12862 12868
12862 12886
12862 12887
13062 13064
13062 13068
13062 13086
13062 13087
12537 12535
12537 12887
11100 11102
11100 11106
11100 11125
11100 11126
