19971 19940
19971 19945
19971 20057
19974 19942
19974 19943
19974 20019
20635 19783
20635 19788
20635 20636
20635 20637
20636 19784
20636 20668
20637 20638
20637 20666
20637 20668
20637 20669
20638 19788
20638 20639
20638 20641
20639 19820
20639 20640
20640 20641
20641 20666
20519 19785
20519 19786
20519 20520
20519 20521
20520 19784
20520 20552
20521 20522
20521 20550
20521 20552
20521 20553
20522 19786
20522 20523
20522 20525
20523 19817
20523 20524
20524 20525
20013 19938
20013 19942
20013 20014
20013 20016
20014 19784
20014 20668
20015 19942
20015 20016
20015 20017
20015 20019
20016 20029
20016 20668
20016 20669
20017 20018
20017 20029
20018 20019
20525 20550
20666 20672
20029 20670
20669 20670
20669 20672
20671 20670
20671 20672
19782 19783
19782 19785
19782 19786
19782 19788
19783 19784
19784 19785
19784 19938
19784 19939
19784 20052
20552 20052
20552 20054
20553 20054
20553 20554
20553 20556
20555 20554
20555 20556
20550 20556
19787 19786
19787 19788
19787 19789
19787 19791
19790 19789
19790 19791
20554 20067
19788 19820
20051 19939
20051 19940
20051 20052
20051 20054
20053 19940
20053 20054
20053 20055
20053 20057
20054 20067
20055 20056
20055 20067
20056 20057
19786 19817
19937 19938
19937 19939
19937 19940
19937 19942
19941 19940
19941 19942
19941 19943
19941 19945
19944 19943
19944 19945
19817 19791
19820 19789
