19936 19934
19936 20518
23733 23735
23733 23740
23733 23758
23733 23761
23176 23178
23176 23183
23176 23202
23176 23205
22032 22030
22032 25240
20274 20276
20274 20281
20274 20299
20274 20302
23207 23205
23207 23761
23760 23758
23760 25239
23204 23202
23204 23556
20490 20492
20490 20497
20490 20515
20490 20518
19933 19931
19933 20302
25215 25217
25215 25221
25215 25239
25215 25240
20517 20515
20517 22029
23531 23533
23531 23537
23531 23555
23531 23556
19905 19907
19905 19912
19905 19931
19905 19934
20301 20299
20301 23555
22004 22006
22004 22010
22004 22029
22004 22030
