11857 11845
11857 11854
11857 11860
10768 10025
10768 10027
10768 10769
10768 10770
10769 9947
10769 12281
10770 10771
10770 10782
10770 12281
10770 12282
10771 10027
10771 10772
10771 10774
10772 10040
10772 10773
10773 10774
10774 10782
11927 11851
11927 11855
11927 11928
11927 11930
11928 9947
11928 12281
11929 11855
11929 11930
11929 11931
11929 11933
11930 11943
11930 12281
11930 12282
11931 11932
11931 11943
11932 11933
11933 11863
10782 12285
11943 12283
10024 9946
10024 9951
10024 10025
10024 10027
10025 9947
10026 9951
10026 10027
10026 10028
10026 10030
10027 10040
10028 10029
10028 10040
10029 10030
10030 9959
11965 10063
11965 10065
11965 11852
11965 11853
11966 10065
11966 11853
11966 11967
11966 11969
11967 10078
11967 11968
11968 11969
11969 11860
11845 11856
11850 11851
11850 11852
11850 11853
11850 11855
11851 9947
11852 9947
11853 11854
11853 11860
10062 9948
10062 9949
10062 10063
10062 10065
10063 9947
11854 11855
11854 11856
10064 9949
10064 10065
10064 10066
10064 10068
11855 11863
10067 10066
10067 10068
9940 9952
9940 9953
10065 10078
11863 11856
9945 9946
9945 9948
9945 9949
9945 9951
9946 9947
9947 9948
10066 10078
9950 9949
9950 9951
9950 9952
9950 9953
9951 9959
9953 9956
9952 9959
9949 9956
9956 10068
12282 12283
12282 12285
12283 12284
12284 12285
