18051 17330
18051 17331
18051 18052
18051 18054
18052 16704
18052 21293
18053 17331
18053 18054
18053 18055
18053 18057
18054 18084
18054 21293
18054 21294
19975 19976
19975 19977
19975 19978
19975 19980
19976 16704
19976 20601
19977 16704
19977 20385
18056 18055
18056 18057
19979 19978
19979 19980
19979 19981
19979 19983
19978 20009
19978 20385
19978 20386
18057 17361
19982 19981
19982 19983
19983 20009
19981 20012
19980 20012
19980 20601
19980 20604
20633 20603
20633 20607
20633 21297
20385 17098
20385 17099
20386 17099
20386 20387
20386 20389
20387 20009
20387 20388
20388 20389
18084 18055
18084 21295
20389 17129
20012 20605
21293 20602
21293 20603
21294 20603
21294 21295
21294 21297
21295 21296
21296 21297
17329 16703
17329 16708
17329 17330
17329 17331
17330 16704
17331 17332
17331 17361
17332 16708
17332 17333
17332 17335
17333 16740
17333 17334
17334 17335
17335 17361
16702 16703
16702 16705
16702 16706
16702 16708
16703 16704
16704 16705
16704 17098
16704 20602
16705 17097
16706 16707
16706 16737
16706 17097
16706 17100
16707 16708
16707 16709
16707 16711
16708 16740
16709 16710
16709 16740
16710 16711
16711 16737
17097 17098
17097 17099
17099 17100
17099 17129
17100 17101
17100 17103
17101 16737
17101 17102
17102 17103
17103 17129
20601 20602
20601 20603
20603 20604
20604 20605
20604 20607
20605 20606
20606 20607
