13671 13669
13671 13939
10426 10428
10426 10430
10426 10434
10426 10435
10315 10317
10315 10321
10315 10339
10315 10342
13613 13611
13613 13703
10657 10659
10657 10661
10657 10664
10657 10667
10341 10339
10341 10434
10437 10435
10437 13704
10344 10342
10344 10396
13660 13662
13660 13664
13660 13668
13660 13669
10666 10664
10666 13938
13696 13698
13696 13700
13696 13703
13696 13704
13616 13614
13616 13668
10388 10390
10388 10392
10388 10396
10388 10397
13931 13933
13931 13935
13931 13938
13931 13939
10399 10397
10399 10667
13586 13588
13586 13592
13586 13611
13586 13614
