21693 21691
21693 22064
24895 24897
24895 24902
24895 24920
24895 24923
25246 25248
25246 25252
25246 25269
25246 25272
21915 21913
21915 25139
22070 22072
22070 22074
22070 22078
22070 22079
24922 24920
24922 25272
24925 24923
24925 25140
25271 25269
25271 25283
21666 21668
21666 21673
21666 21691
21666 21694
22063 22061
22063 22078
25115 25117
25115 25121
25115 25139
25115 25140
21696 21694
21696 21916
25276 25278
25276 25280
25276 25283
25276 25284
22038 22040
22038 22044
22038 22061
22038 22064
22081 22079
22081 25284
21888 21890
21888 21895
21888 21913
21888 21916
