23607 23605
23609 23605
23612 23581
23612 23605
23613 20365
23613 23605
23815 23813
23817 23813
23822 23813
23822 23824
23821 23787
23821 23813
23800 23798
23805 23793
23805 23798
23806 23338
23806 23798
23802 23798
20572 20570
20310 20308
20310 20313
20574 20570
20578 20544
20578 20570
20579 20570
20579 20581
20557 20555
20326 20313
20326 20328
20559 20555
20562 20550
20562 20555
20563 20067
20563 20555
20332 20308
20332 20334
22040 22038
22040 22043
22061 22038
22061 22063
22055 22043
22055 22057
20341 20339
23217 23215
23217 23220
20343 20339
20346 20334
20346 20339
20347 20086
20347 20339
20356 20354
23240 23215
23240 23242
20358 20354
20362 20328
20362 20354
20363 20354
20363 20365
23234 23220
23234 23236
22089 22087
19946 19944
19946 19949
22091 22087
22094 22057
22094 22087
22095 20581
22095 22087
22072 22070
22074 22070
19969 19944
19969 19971
22078 22063
22078 22070
22079 22070
22079 22081
19963 19949
19963 19965
23348 23346
23350 23346
23354 23236
23354 23346
23355 23346
23355 23357
23329 23327
23331 23327
23335 23242
23335 23327
23336 23327
23336 23338
25248 25246
25248 25251
25269 25246
25269 25271
25263 25251
25263 25265
20077 20075
23564 23562
23564 23567
20079 20075
20083 19965
20083 20075
20084 20075
20084 20086
20058 20056
20060 20056
23579 23567
23579 23581
20064 19971
20064 20056
23585 23562
23585 23587
20065 20056
20065 20067
23769 23767
23769 23772
23791 23767
23791 23793
23785 23772
23785 23787
25291 25289
25293 25289
25296 25265
25296 25289
25297 23824
25297 25289
20526 20524
20526 20529
25278 25276
25280 25276
25283 25271
25283 25276
25284 22081
25284 25276
20548 20524
20548 20550
23594 23592
20542 20529
20542 20544
23596 23592
23599 23587
23599 23592
23600 23357
23600 23592
