16896 16895
16896 16897
16897 16893
16897 16923
17026 16891
17026 16892
17026 17027
17026 17028
17027 16683
17027 17058
16765 16764
16765 16766
17029 16892
17029 17028
17029 17030
17029 17032
17030 16923
17030 17031
17031 17032
16776 16763
16776 16764
16776 17166
16766 16695
16766 16762
17162 17133
17162 17137
17162 17168
17028 17056
17028 17058
17028 17059
17164 16761
17164 16763
17164 17132
17164 17133
17165 16763
17165 17133
17165 17166
17165 17168
17166 17167
17167 17168
17032 17056
16923 16892
16798 16684
16798 16685
16798 16799
16798 16801
16799 16683
16799 17058
16926 16894
16926 16895
16926 17135
16800 16685
16800 16801
16800 16802
16800 16804
17058 16801
17059 16801
17059 17060
17059 17062
16676 16688
16676 16689
17061 17060
17061 17062
16803 16802
16803 16804
17056 17062
16801 16814
16681 16682
16681 16684
16681 16685
16681 16687
16682 16683
16682 16760
16683 16684
16683 16761
16683 16890
16683 16891
16683 17132
17060 16814
16686 16685
16686 16687
16686 16688
16686 16689
16814 16802
16687 16695
16687 16760
16687 16762
16689 16692
16688 16695
16685 16692
16692 16804
16764 16762
17131 16890
17131 16894
17131 17132
17131 17133
16889 16890
16889 16891
16889 16892
16889 16894
17134 16894
17134 17133
17134 17135
17134 17137
16762 16763
17136 17135
17136 17137
16763 16760
16760 16761
16892 16893
16893 16894
16893 16895
