24817 22978
24817 22979
24817 24818
24817 24820
24818 22977
24818 24996
24819 22979
24819 24820
24819 24821
24819 24823
24820 24850
24820 24996
24820 24999
24821 24822
24821 24850
24822 24823
24822 24824
24822 24828
24822 24847
24822 24848
24823 23011
24824 24825
24824 24826
24824 24827
24825 22987
24825 24847
24826 22987
24826 24841
24827 24828
24827 24839
24827 24840
24827 24841
24827 24844
24828 24829
24828 24831
24829 24830
24829 24848
24830 24831
24830 24845
24830 24849
24830 24982
24830 25009
24830 25010
24830 25024
24831 24844
24832 24833
24832 24835
24832 24836
24832 24838
24833 24834
24833 24971
24834 24835
24834 24861
24834 24862
24834 24877
24834 24883
24834 24972
24834 24989
24835 24988
24836 24837
24836 24843
24836 24988
24836 24990
24837 24838
24837 24839
24837 24840
24838 24846
24838 24971
24838 24973
24839 24846
24840 24843
24841 24842
24841 24843
24842 22987
24842 24995
24843 24992
24843 24995
24844 24845
24844 24846
24845 24981
24846 24976
24846 24981
24847 23010
24847 23011
24848 24849
24848 24850
24849 25029
24850 25000
24850 25029
24860 24861
24860 24862
24861 24882
24862 24876
24876 24877
24877 24993
24882 24883
24883 24977
24971 24972
24972 24977
24973 24974
24973 24976
24974 24975
24974 24978
24975 24976
24975 24979
24975 24981
24975 25071
24975 25072
24975 25075
24978 24979
24979 25074
24981 24982
24982 25075
24988 24989
24989 24993
24990 24991
24990 24992
24991 23161
24991 24994
24992 23161
24994 23165
24995 23161
24995 23168
24996 24997
24996 24998
24997 22977
24997 25877
24998 24999
24998 25028
24998 25877
24998 25878
24999 25000
24999 25002
25000 25001
25001 25002
25001 25003
25001 25008
25001 25026
25001 25029
25002 25028
25003 25004
25003 25006
25003 25007
25004 25005
25004 25026
25005 25006
25005 25021
25005 25027
25005 25094
25005 25883
25005 25884
25005 25899
25006 25020
25007 25008
25007 25018
25007 25019
25007 25020
25007 25023
25008 25009
25008 25010
25009 25029
25010 25023
25011 25012
25011 25014
25011 25015
25011 25017
25012 25013
25012 25068
25013 25014
25013 25038
25013 25039
25013 25054
25013 25060
25013 25069
25013 25084
25014 25083
25015 25016
25015 25022
25015 25083
25015 25085
25016 25017
25016 25018
25016 25019
25017 25025
25017 25068
25017 25070
25018 25025
25019 25022
25020 25021
25020 25022
25021 25093
25022 25088
25022 25093
22975 22976
22975 22978
22975 22979
22975 22981
25024 25023
25024 25075
22976 22977
22976 24141
22977 22978
22977 24142
22977 24321
22977 25522
22977 25523
25027 25026
25027 25904
22979 22980
22979 23011
22980 22981
22980 22982
22980 22984
25028 25026
25028 25881
25028 25904
22981 23014
22981 24141
22981 24143
22985 22983
22985 22986
22985 22988
22985 22989
22983 22982
22983 22984
22983 22990
22983 23009
22983 23012
22987 22986
22987 22988
22987 23004
22987 23010
22987 23168
22984 23011
25037 25038
25037 25039
22990 22989
22990 22991
22990 22993
22982 23014
22986 23009
22988 23003
22989 23001
22989 23002
22989 23003
22989 23006
22995 22994
22995 22996
22995 23138
22991 22992
22991 23012
22997 22994
22997 22996
22997 23157
22993 22992
22993 23006
22994 22998
22994 23000
23000 22999
23000 23008
23000 23138
23000 23140
23001 22999
23001 23008
23002 22999
23002 23005
23003 23004
23003 23005
22996 23026
22996 23027
22996 23043
22996 23049
22996 23139
22996 23158
23005 22998
23005 23162
23005 23167
23006 23007
23006 23008
25053 25039
25053 25054
22999 22998
23009 23010
23009 23011
23004 23167
25059 25038
25059 25060
23007 22992
23007 23148
23008 23143
23008 23148
23014 23012
23014 24147
23014 24171
23013 22992
23013 23012
23013 24171
25060 25073
25068 25069
25069 25073
25070 25071
25070 25072
25071 25074
25072 25025
23025 23026
23025 23027
23027 23042
23026 23048
25075 25025
25083 25084
25084 25089
25085 25086
25085 25088
25086 25087
25086 25090
25087 25088
25087 25091
25087 25093
25087 25959
25087 25960
25087 25963
25089 25054
25090 25091
23042 23043
25091 25962
23043 23163
25094 25093
25094 25963
23048 23049
23049 23144
23138 23139
23139 23144
23140 23141
23140 23143
23141 23142
23141 23145
23142 23143
23142 23146
23142 23148
23142 24315
23142 24316
23142 24319
23145 23146
23146 24318
23148 23149
23149 22992
23149 24319
23157 22998
23157 23158
23158 23163
23159 22998
23159 23160
23159 23162
23160 23161
23160 23164
23161 23162
23161 23165
23161 23167
23164 23165
23167 23168
25023 25025
25496 25497
25496 25499
25497 25498
25497 25518
25498 25499
25498 25513
25498 25519
25498 25540
25498 25541
25498 25567
25498 25586
25499 25512
25512 25513
25513 25591
25518 25519
25519 25572
25521 25522
25521 25523
25521 25524
25521 25526
25522 26077
25523 25877
25524 25525
25524 25555
25524 25877
25524 25878
25525 25526
25525 25527
25525 25529
25526 25558
25526 26077
25526 26078
25527 25528
25527 25558
25528 25529
25528 25530
25528 25535
25528 25553
25528 25556
25529 25555
25530 25531
25530 25533
25530 25534
25531 25532
25531 25553
25532 25533
25532 25548
25532 25554
25532 25596
25532 25887
25532 25888
25532 25902
25533 25547
25534 25535
25534 25545
25534 25546
25534 25547
25534 25550
25535 25536
25535 25538
25536 25537
25536 25556
25537 25538
25537 25551
25537 25557
25537 25577
25537 26087
25537 26088
25537 26102
25538 25550
25539 25540
25539 25541
25539 25542
25539 25544
25540 25566
25541 25585
25542 25543
25542 25549
25542 25585
25542 25587
25543 25544
25543 25545
25543 25546
25544 25552
25544 25566
25544 25568
25545 25552
25546 25549
25547 25548
25547 25549
25548 25595
25549 25590
25549 25595
25550 25551
25550 25552
25551 25576
25552 25571
25552 25576
25553 25554
25553 25555
25554 25905
25555 25879
25555 25905
25557 25556
25557 26105
25558 25556
25558 26079
25558 26105
25566 25567
22992 24149
22992 24150
22992 24166
25568 25569
25568 25571
25567 25572
25570 25569
25570 25571
25570 25574
25570 25576
25570 26146
25570 26147
25570 26150
25573 25569
25573 25574
25574 26149
25576 25577
25577 26150
25585 25586
25586 25591
25587 25588
25587 25590
25588 25589
25588 25592
25589 25590
25589 25593
25589 25595
25589 25946
25589 25947
25589 25950
25592 25593
25593 25949
25595 25596
25596 25950
25878 25879
25878 25881
25879 25880
25880 25881
25880 25882
25880 25886
25880 25904
25880 25905
25882 25883
25882 25884
25882 25885
25883 25904
25884 25898
25885 25886
25885 25896
25885 25897
25885 25898
25885 25901
25886 25887
25886 25888
25887 25905
25888 25901
25889 25890
25889 25892
25889 25893
25889 25895
25890 25891
25890 25943
25891 25892
25891 25914
25891 25915
25891 25929
25891 25935
25891 25944
25891 25957
25892 25956
25893 25894
25893 25900
25893 25956
25893 25958
25894 25895
25894 25896
25894 25897
25895 25903
25895 25943
25895 25945
25896 25903
25897 25900
25898 25899
25898 25900
25899 25963
25900 25960
25900 25963
25901 25902
25901 25903
25902 25950
25903 25947
25903 25950
25913 25914
25913 25915
25914 25934
25915 25928
25928 25929
25929 25961
25934 25935
25935 25948
25943 25944
25944 25948
25945 25946
25945 25947
25946 25949
25956 25957
25957 25961
25958 25959
25958 25960
25959 25962
26077 24321
26077 24322
26078 24322
26078 26079
26078 26081
26079 26080
26080 26081
26080 26082
26080 26086
26080 26104
26080 26105
26081 24352
26082 26083
26082 26084
26082 26085
26083 24329
26083 26104
26084 24329
26084 26098
26085 26086
26085 26096
26085 26097
26085 26098
26085 26101
26086 26087
26086 26088
26087 26105
26088 26101
26089 26090
26089 26092
26089 26093
26089 26095
26090 26091
26090 26143
26091 26092
26091 26114
26091 26115
26091 26129
26091 26135
26091 26144
26091 26157
26092 26156
26093 26094
26093 26100
26093 26156
26093 26158
26094 26095
26094 26096
26094 26097
26095 26103
26095 26143
26095 26145
26096 26103
26097 26100
26098 26099
26098 26100
26099 24329
26099 26163
26100 26160
26100 26163
26101 26102
26101 26103
26102 26150
26103 26147
26103 26150
26104 24351
26104 24352
26113 26114
26113 26115
26114 26134
26115 26128
26128 26129
26129 26161
26134 26135
26135 26148
26143 26144
26144 26148
26145 26146
26145 26147
26146 26149
26156 26157
26157 26161
26158 26159
26158 26160
26159 24411
26159 26162
26160 24411
26162 24415
26163 24411
26163 24418
24141 24142
24141 24144
24142 24320
24143 24144
24143 24145
24143 24147
24144 24174
24144 24320
24144 24323
24145 24146
24145 24174
24146 24147
24146 24148
24146 24152
24146 24171
24146 24172
24148 24149
24148 24150
24148 24151
24149 24171
24150 24165
24151 24152
24151 24163
24151 24164
24151 24165
24151 24168
24152 24153
24152 24155
24153 24154
24153 24172
24154 24155
24154 24169
24154 24173
24154 24306
24154 24333
24154 24334
24154 24348
24155 24168
24156 24157
24156 24159
24156 24160
24156 24162
24157 24158
24157 24295
24158 24159
24158 24185
24158 24186
24158 24201
24158 24207
24158 24296
24158 24313
24159 24312
24160 24161
24160 24167
24160 24312
24160 24314
24161 24162
24161 24163
24161 24164
24162 24170
24162 24295
24162 24297
24163 24170
24164 24167
24165 24166
24165 24167
24166 24319
24167 24316
24167 24319
24168 24169
24168 24170
24169 24305
24170 24300
24170 24305
24172 24173
24172 24174
24173 24353
24174 24324
24174 24353
24184 24185
24184 24186
24185 24206
24186 24200
24200 24201
24201 24317
24206 24207
24207 24301
24295 24296
24296 24301
24297 24298
24297 24300
24298 24299
24298 24302
24299 24300
24299 24303
24299 24305
24299 24395
24299 24396
24299 24399
24302 24303
24303 24398
24305 24306
24306 24399
24312 24313
24313 24317
24314 24315
24314 24316
24315 24318
24320 24321
24320 24322
24322 24323
24322 24352
24323 24324
24323 24326
24324 24325
24325 24326
24325 24327
24325 24332
24325 24350
24325 24353
24326 24352
24327 24328
24327 24330
24327 24331
24328 24329
24328 24350
24329 24330
24329 24345
24329 24351
24329 24418
24330 24344
24331 24332
24331 24342
24331 24343
24331 24344
24331 24347
24332 24333
24332 24334
24333 24353
24334 24347
24335 24336
24335 24338
24335 24339
24335 24341
24336 24337
24336 24392
24337 24338
24337 24362
24337 24363
24337 24378
24337 24384
24337 24393
24337 24408
24338 24407
24339 24340
24339 24346
24339 24407
24339 24409
24340 24341
24340 24342
24340 24343
24341 24349
24341 24392
24341 24394
24342 24349
24343 24346
24344 24345
24344 24346
24345 24417
24346 24412
24346 24417
24347 24348
24347 24349
24348 24399
24349 24396
24349 24399
24350 24351
24350 24352
24361 24362
24361 24363
24362 24383
24363 24377
24377 24378
24378 24413
24383 24384
24384 24397
24392 24393
24393 24397
24394 24395
24394 24396
24395 24398
24407 24408
24408 24413
24409 24410
24409 24412
24410 24411
24410 24414
24411 24412
24411 24415
24411 24417
24414 24415
24417 24418
