7168 7063
7168 7164
7168 7167
10330 10325
10330 10329
10330 10338
10330 10402
10330 10404
7047 7059
7047 7060
7178 7165
7178 7166
7178 10442
7052 7053
7052 7055
7052 7056
7052 7058
7053 7054
7053 7130
7054 7055
7054 7131
7054 7163
7054 7281
7054 10326
7054 10327
7054 10403
7055 7162
7056 7057
7056 7063
7056 7162
7056 7164
7057 7058
7057 7059
7057 7060
7058 7066
7058 7130
7058 7132
7059 7066
7060 7063
7066 7136
10402 10326
10402 10403
10402 10405
10403 10540
10404 10405
10404 10406
10404 10408
10405 10418
10405 10540
10405 10541
10406 10407
10406 10418
10407 10408
10408 10338
10540 7281
10540 7282
10541 7282
10541 10542
10541 10544
10542 10418
10542 10543
10543 10544
10544 7294
10440 7163
10440 7165
10440 10327
10440 10328
10441 7165
10441 10328
10441 10442
10441 10444
10442 10443
10443 10444
10444 10335
10320 10331
10320 10332
10325 10326
10325 10327
10325 10328
7166 7164
7166 7167
10329 10328
10329 10331
10329 10332
7130 7131
7130 7133
7131 7280
7132 7133
7132 7134
7132 7136
10331 10338
7133 7146
7133 7280
7133 7283
7135 7134
7135 7136
10335 10328
10335 10332
7134 7146
7146 7284
7280 7281
7280 7282
7283 7282
7283 7284
7283 7286
7284 7285
7285 7286
7282 7294
7286 7294
7162 7163
7162 7165
7164 7165
