1536 1534
1536 1537
1536 1566
1536 24436
1536 24437
1537 1315
1537 1538
1537 1540
1538 1347
1538 1539
1539 1540
1540 1566
24220 24216
24220 24219
24220 24246
24601 24595
24601 24598
24601 24600
24595 24567
24595 24571
24212 24213
24212 24214
24212 24215
24212 24217
24597 1717
24597 1719
24597 24566
24597 24567
24214 1311
24214 24565
1684 1312
1684 1313
1684 1685
1684 1686
24213 1311
24213 24436
1685 1311
1685 1716
1687 1313
1687 1686
1687 1688
1687 1690
1689 1688
1689 1690
24598 1719
24598 24567
24598 24599
1309 1310
1309 1312
1309 1313
1309 1315
1310 1311
1310 1534
1311 1312
1311 1535
1311 1717
1311 24566
1566 24440
1314 1313
1314 1315
1314 1316
1314 1318
24219 24218
1315 1347
1315 1534
1317 1316
1317 1318
1313 1344
1318 1344
1316 1347
1686 1714
1686 1716
1686 1718
1688 1344
1714 1690
1714 1722
1716 1717
1716 1719
1718 1719
1718 1720
1718 1722
24246 24215
24246 24569
1719 1732
24249 24217
24249 24218
24249 24438
1721 1720
1721 1722
1720 1732
1732 24599
24439 24438
24439 24440
24567 24565
24567 24568
24440 24437
24569 24568
24569 24570
24215 24216
24215 24565
24215 24568
24218 24216
24216 24217
24217 24436
24217 24437
24436 1535
24565 24566
24437 24438
24568 24571
24600 24599
24570 24571
1534 1535
