15489 15117
15489 15118
15489 15490
15489 15491
15490 15116
15490 15521
15491 15492
15491 15519
15491 15521
15491 15523
15492 15118
15492 15493
15492 15495
15493 15149
15493 15494
15494 15495
15495 15519
15341 15339
15341 15342
15341 15371
15341 18638
15341 18639
15114 15115
15114 15117
15114 15118
15114 15120
15115 15116
15115 15339
15116 15117
15116 15340
15116 15522
15116 18415
15116 18416
15116 18768
15371 15345
15371 18642
15119 15118
15119 15120
15119 15121
15119 15123
18448 18417
18448 18422
18448 18771
15120 15152
15120 15339
15120 15342
15122 15121
15122 15123
18451 18419
18451 18420
18451 18640
15121 15152
15118 15149
15345 15342
15345 15344
15123 15149
15519 15527
15521 15522
15521 15524
15522 18799
15523 15524
15523 15525
15523 15527
15524 15537
15524 18799
15524 18800
15525 15526
15525 15537
15526 15527
15152 15343
15537 18801
15343 15342
15343 15344
18638 15340
18638 18415
18638 18419
18767 18416
18767 18417
18767 18768
18767 18769
18768 18799
18639 18419
18639 18640
18639 18642
18641 18640
18641 18642
18770 18417
18770 18769
18770 18771
18770 18773
18772 18771
18772 18773
18769 18797
18769 18799
18769 18800
18773 18797
15339 15340
18797 18803
18414 18415
18414 18416
18414 18417
18414 18419
18800 18801
18800 18803
18802 18801
18802 18803
18418 18417
18418 18419
18418 18420
18418 18422
18421 18420
18421 18422
