7297 4010
7297 4011
7297 6889
7297 6890
7298 4011
7298 6890
7298 7299
7298 7301
7299 6921
7299 7300
4996 4966
4996 4967
4996 8207
7300 7301
7301 4041
6921 6890
6921 6895
6924 6892
6924 6893
6924 7517
8205 4964
8205 4966
8205 7514
8205 7515
8206 4966
8206 7515
8206 8207
8206 8209
8207 8208
8208 8209
4241 3615
4241 3620
4241 4242
4241 4243
4242 3616
4242 4963
4243 4244
4243 4273
4243 4963
4243 4965
4244 3620
4244 4245
4244 4247
4245 3652
4245 4246
4246 4247
4247 4273
8209 7545
3614 3615
3614 3617
3614 3618
3614 3620
3615 3616
3616 3617
3616 4010
3616 4964
3616 6888
3616 6889
3616 7514
3617 4009
3618 3619
3618 3649
3618 4009
3618 4012
3619 3620
3619 3621
3619 3623
3620 3652
3621 3622
3621 3652
3622 3623
3623 3649
4009 4010
4009 4011
4011 4012
4011 4041
4012 4013
4012 4015
4013 3649
4013 4014
4014 4015
4015 4041
4273 4969
7513 6888
7513 6892
7513 7514
7513 7515
7515 7516
7515 7545
7516 6892
7516 7517
7516 7519
7517 7518
7518 7519
7519 7545
4963 4964
4963 4966
4965 4966
4965 4967
4965 4969
6887 6888
6887 6889
6887 6890
6887 6892
4968 4967
4968 4969
6891 6890
6891 6892
6891 6893
6891 6895
6894 6893
6894 6895
