10232 10230
10232 10631
10487 10489
10487 10493
10487 10510
10487 10513
10517 10519
10517 10521
10517 10524
10517 10525
10382 10380
10382 10619
10132 10129
10132 10133
10132 10146
10132 10149
10512 10510
10512 10524
10379 10377
10379 10513
10270 10268
10270 10525
10623 10625
10623 10627
10623 10630
10623 10631
10151 10149
10151 10229
10352 10354
10352 10359
10352 10377
10352 10380
10618 10616
10618 10630
10259 10261
10259 10263
10259 10267
10259 10268
10221 10223
10221 10225
10221 10229
10221 10230
10148 10146
10148 10267
10592 10594
10592 10598
10592 10616
10592 10619
