13273 13271
13273 14007
13400 13402
13400 13406
13400 13425
13400 13428
13474 13476
13474 13478
13474 13482
13474 13483
13523 13521
13523 14019
14096 14098
14096 14102
14096 14120
14096 14123
13430 13428
13430 13482
13427 13425
13427 13520
13485 13483
13485 14135
13980 13982
13980 13986
13980 14004
13980 14007
13276 13274
13276 14123
13512 13514
13512 13516
13512 13520
13512 13521
14006 14004
14006 14018
14127 14129
14127 14131
14127 14134
14127 14135
13246 13248
13246 13253
13246 13271
13246 13274
14122 14120
14122 14134
14011 14013
14011 14015
14011 14018
14011 14019
