7552 7551
7552 7553
7553 7550
7553 7578
7431 6697
7431 6698
7431 7432
7431 7433
7432 6696
7432 7464
7433 7434
7433 7462
7433 7464
7433 7465
7434 6698
7434 7435
7434 7437
7435 6729
7435 7436
7436 7437
6925 6850
6925 6854
6925 6926
6925 6928
6926 6696
6926 7580
6927 6854
6927 6928
6927 6929
6927 6931
7437 7462
6928 6941
6928 7580
6928 7581
6930 6929
6930 6931
6931 6886
6929 6941
7578 7549
7578 7584
7580 7548
7580 7549
7581 7549
7581 7582
7581 7584
6941 7582
7583 7582
7583 7584
6698 6694
6698 6699
6698 6729
6694 6695
6694 6697
6694 6700
6695 6696
6695 7547
6696 6697
6696 6850
6696 6851
6696 6964
6696 7548
7464 6964
7464 6966
7462 7468
6699 6700
6699 6701
6699 6703
7465 6966
7465 7466
7465 7468
6702 6701
6702 6703
7467 7466
7467 7468
6700 6732
6700 7547
6700 7550
6701 6732
6963 6851
6963 6852
6963 6964
6963 6966
6965 6852
6965 6966
6965 6967
6965 6969
6703 6729
6967 6968
6967 6979
6968 6969
6969 6883
6966 6979
7466 6979
6849 6850
6849 6851
6849 6852
6849 6854
6853 6852
6853 6854
6853 6855
6853 6857
6852 6883
6854 6886
6856 6855
6856 6857
6857 6883
6855 6886
6732 7551
7547 7548
7547 7549
7549 7550
7550 7551
