14091 13239
14091 13244
14091 14092
14091 14093
14092 13240
14092 14124
14093 14094
14093 14122
14093 14124
14093 14125
14094 13244
14094 14095
14094 14097
14095 13276
14095 14096
14096 14097
14097 14122
13975 13241
13975 13242
13975 13976
13975 13977
13976 13240
13976 14008
13977 13978
13977 14006
13977 14008
13977 14009
13978 13242
13978 13979
13978 13981
13979 13273
13979 13980
13980 13981
13469 13394
13469 13398
13469 13470
13469 13472
13470 13240
13470 14124
13471 13398
13471 13472
13471 13473
13471 13475
13472 13485
13472 14124
13472 14125
13473 13474
13473 13485
13474 13475
13475 13430
13981 14006
14122 14128
13485 14126
14125 14126
14125 14128
14127 14126
14127 14128
13238 13239
13238 13241
13238 13242
13238 13244
13239 13240
14008 13508
14008 13510
13240 13241
13240 13394
13240 13395
13240 13508
14006 14012
13243 13242
13243 13244
13243 13245
13243 13247
14009 13510
14009 14010
14009 14012
13246 13245
13246 13247
14011 14010
14011 14012
13244 13276
13245 13276
13507 13395
13507 13396
13507 13508
13507 13510
13509 13396
13509 13510
13509 13511
13509 13513
13242 13273
13511 13512
13511 13523
13512 13513
13513 13427
13510 13523
13393 13394
13393 13395
13393 13396
13393 13398
13523 14010
13397 13396
13397 13398
13397 13399
13397 13401
13398 13430
13399 13400
13399 13430
13400 13401
13273 13247
13401 13427
13396 13427
