337 335
339 335
343 265
343 335
344 335
344 346
1723 1721
1725 1721
1730 1721
1730 1732
1729 1714
1729 1721
1740 1738
1745 1708
1745 1738
1746 1024
1746 1738
1742 1738
23291 23289
737 735
737 740
23293 23289
23297 23245
23297 23289
23298 23289
23298 23300
23310 23308
759 735
759 761
23312 23308
23316 23239
23316 23308
23317 23308
23317 23319
753 740
753 755
23885 23883
23885 23888
23901 23888
23901 23903
23907 23883
23907 23909
783 781
969 967
969 972
785 781
789 755
789 781
790 781
790 792
768 766
985 972
985 987
770 766
773 761
773 766
774 346
774 766
991 967
991 993
23916 23914
23664 23662
23664 23667
23918 23914
23921 23909
23921 23914
23922 23300
23922 23914
23931 23929
23933 23929
23685 23662
23685 23687
23937 23903
23937 23929
23938 23929
23938 23940
23679 23667
23679 23681
1000 998
1002 998
1005 993
1005 998
1006 327
1006 998
1015 1013
1017 1013
1021 987
1021 1013
1022 1013
1022 1024
24572 24570
24572 24575
24587 24575
24587 24589
24593 24570
24593 24595
23707 23705
247 241
247 246
23709 23705
23712 23681
23712 23705
23713 792
23713 23705
23694 23692
23696 23692
263 246
263 265
23699 23687
23699 23692
269 241
269 271
23700 23319
23700 23692
1691 1689
1691 1694
1706 1694
1706 1708
1712 1689
1712 1714
24602 24600
24604 24600
24607 24595
24607 24600
24608 1732
24608 24600
23221 23215
23221 23220
24615 24613
24617 24613
24620 24589
24620 24613
24621 23940
24621 24613
23237 23220
23237 23239
318 316
23243 23215
23243 23245
320 316
324 271
324 316
325 316
325 327
