196
812
3537
2367
3909
5650
580
194
4125
195
3538
813
3539
2368
581
197
4126
2369
612
2372
5651
5653
233
3541
3544
2400
844
4157
583
585
815
3572
817
230
4128
4130
3910
3912
3575
199
202
2370
586
2371
4127
5654
816
3540
3545
5652
2373
4131
198
584
814
3911
818
203
3542
4129
582
3913
3543
200
201
4197
4199
3702
4202
4203
3709
2457
2459
3552
903
3550
2463
3547
2462
3549
910
3555
3557
3554
3560
2440
3568
3569
2444
3565
2446
3566
2447
3571
2442
2451
652
3585
654
379
657
658
386
667
3608
669
673
674
3602
210
212
208
205
207
213
215
218
226
227
223
224
232
5660
5661
5658
5656
5657
5662
5664
243
5667
5675
5676
5672
5673
4156
266
260
3717
5686
3719
3721
3723
3724
3728
3698
5707
3700
3704
3705
5701
3915
3916
3917
3919
3920
3921
3923
3926
3931
3932
3934
3935
611
375
3945
377
381
382
356
358
3960
360
362
363
3966
367
5729
5731
4216
5734
5735
4223
5716
5718
5721
5722
825
826
823
820
822
827
829
832
840
841
837
838
4138
4139
4136
853
4135
4133
4140
4142
4145
4153
4154
4150
875
4151
3574
869
3975
4166
3977
3980
3981
2379
2381
2377
3988
3990
2375
2376
2382
4188
2384
3993
671
2387
4182
3994
678
2395
2396
2392
2393
2399
843
2408
588
590
591
593
594
595
597
600
2429
605
606
2423
608
609
229
899
901
905
906
621
884
886
889
890
637
4212
643
4214
4218
4219
4198
4200
4201
4189
3706
4204
2386
2460
3551
2461
3546
907
3548
2458
3564
909
3558
3556
3567
3561
2441
3708
3562
2445
3727
2430
3563
2448
3570
2443
2450
601
3587
655
656
653
383
385
668
3586
672
638
670
3603
231
211
209
228
204
216
214
219
225
220
222
221
845
5659
5674
5655
4134
5671
5665
5663
245
5668
5723
5669
5736
5670
5677
244
261
3559
5688
3720
3722
3718
3725
3982
3699
5687
3703
3609
3701
5702
3936
589
3914
3937
3918
3922
3924
3925
3930
3929
3933
3928
610
217
3946
380
376
378
357
359
3947
361
267
364
3967
366
5666
5732
5733
5730
4220
4222
5717
5720
5708
5719
824
839
835
842
819
830
828
833
891
834
821
836
4158
3553
4137
855
4132
4155
4143
4141
4146
4152
4147
4149
854
4148
3573
870
3927
4168
3979
3976
3978
2398
2380
2378
3989
3991
2374
2391
2385
4167
2383
3961
3992
2388
4183
675
3995
2394
2389
2464
2390
5678
2397
2410
587
604
592
206
607
596
598
599
2409
677
603
2424
659
602
613
831
904
900
902
622
885
888
876
887
623
4144
644
4217
4213
4215
