4608 4597
4608 4606
4608 4615
4609 4597
4609 4606
4609 4612
4354 4342
4354 4346
4354 5065
4612 4605
4612 4722
3461 3384
3461 3389
3461 3462
3461 3464
3462 3385
3462 4340
4615 4607
4615 4686
3463 3389
3463 3464
3463 3465
3463 3467
3464 3477
3464 4340
3464 4343
3466 3465
3466 3467
3465 3477
3467 3421
3477 4344
3499 3386
3499 3387
3499 3500
3499 3502
3500 3385
3500 4718
3501 3387
3501 3502
3501 3503
3501 3505
3502 3515
3502 4718
3502 4719
3503 3504
3503 3515
3504 3505
3505 3418
3383 3384
3383 3386
3383 3387
3383 3389
3384 3385
3385 3386
3385 4341
3385 4603
3385 4604
3385 4681
3515 4720
3388 3387
3388 3389
3388 3390
3388 3392
3387 3418
3390 3391
3390 3421
3391 3392
3392 3418
3389 3421
5061 4341
5061 4342
5061 4681
5061 4683
5062 4342
5062 4683
5062 5063
5062 5065
5063 4696
5063 5064
4680 4603
4680 4607
4680 4681
4680 4683
4682 4607
4682 4683
4682 4684
4682 4686
5064 5065
4683 4696
4685 4684
4685 4686
4684 4696
4342 4340
4342 4343
4346 4343
4346 4345
4718 4604
4718 4605
4719 4605
4719 4720
4719 4722
4720 4721
4721 4722
4340 4341
4343 4344
4344 4345
4602 4603
4602 4604
4602 4605
4602 4607
4605 4606
4606 4607
