13059 11276
13059 11277
13059 12504
13059 12508
13060 11277
13060 12508
13060 13061
13060 13063
13061 12540
13061 13062
13062 13063
13063 11307
11275 11096
11275 11098
11275 11276
11275 11277
11276 9889
11277 11278
11277 11307
11278 11098
11278 11279
11278 11281
11279 11128
11279 11280
11280 11281
11281 11307
11799 9890
11799 9891
11799 11800
11799 11802
11800 9889
11800 11978
11801 9891
11801 11802
11801 11803
11801 11805
11802 11832
11802 11978
11802 11981
11803 11804
11803 11832
11804 11805
11805 9923
9887 9888
9887 9890
9887 9891
9887 9893
9888 9889
9888 11095
9889 9890
9889 11096
9889 11979
9889 12504
9889 12505
9891 9892
9891 9923
9892 9893
9892 9894
9892 9896
9893 9926
9893 11095
9893 11097
9894 9895
9894 9926
9895 9896
9896 9923
11832 11982
12859 11979
12859 11980
12859 12505
12859 12506
12860 11980
12860 12506
12860 12861
12860 12863
12861 12537
12861 12862
12862 12863
12863 12010
9926 11101
12506 12503
12506 12507
12506 12537
11978 11979
11978 11980
11980 11981
11980 12010
11981 11982
11981 11984
11982 11983
11983 11984
11984 12010
11095 11096
11095 11098
12503 12504
12503 12505
12503 12508
12507 12508
12507 12509
12507 12511
11097 11098
11097 11099
11097 11101
12510 12509
12510 12511
11100 11099
11100 11101
12508 12540
12509 12540
11098 11128
11099 11128
12511 12537
