10116 10084
10116 10089
10116 10455
7429 7399
7429 7403
7429 8917
10119 10086
10119 10087
10119 10673
7181 6812
7181 6813
7181 7182
7181 7183
7182 6811
7182 10453
7183 7184
7183 7213
7183 10453
7183 10454
7184 6813
7184 7185
7184 7187
7185 6845
7185 7186
7186 7187
7187 7213
6809 6810
6809 6812
6809 6813
6809 6815
6810 6811
6810 7397
6811 6812
6811 7398
6811 8912
6811 10082
6811 10083
6811 10670
6813 6814
6813 6845
6814 6815
6814 6816
6814 6818
6815 6848
6815 7397
6815 7400
6816 6817
6816 6848
6817 6818
12194 8912
12194 8914
12194 10670
12194 10671
12195 8914
12195 10671
12195 12196
12195 12198
6818 6845
12197 12196
12197 12198
12198 10701
12196 8944
10669 10082
10669 10086
10669 10670
10669 10671
7213 10457
10672 10086
10672 10671
10672 10673
10672 10675
10671 10701
10674 10673
10674 10675
10675 10701
10086 10081
10086 10085
6848 7401
8911 7398
8911 7399
8911 8912
8911 8914
8913 7399
8913 8914
8913 8915
8913 8917
8914 8944
8915 8916
8915 8944
8916 8917
10453 10083
10453 10084
10454 10084
10454 10455
10454 10457
10456 10455
10456 10457
10081 10082
10081 10083
10081 10084
10084 10085
7397 7398
7397 7399
10085 10087
10085 10089
7400 7399
7400 7401
7400 7403
10088 10087
10088 10089
7402 7401
7402 7403
