13824 13675
13824 13677
13824 13825
13824 13826
13825 13598
13825 17084
13826 13827
13826 13838
13826 17084
13826 17085
13827 13677
13827 13828
13827 13830
13828 13690
13828 13829
13829 13830
13830 13838
13706 13599
13706 13600
13706 13707
13706 13709
13707 13598
13707 16984
13708 13600
13708 13709
13708 13710
13708 13712
13709 13722
13709 16984
13709 16985
13838 17088
13711 13710
13711 13712
13712 13607
13710 13722
13591 13603
13591 13604
13722 16986
13596 13597
13596 13599
13596 13600
13596 13602
13597 13598
13597 13674
13598 13599
13598 13675
13598 16870
13598 16871
13598 16947
13600 13601
13600 13607
13601 13602
13601 13603
13601 13604
13602 13610
13602 13674
13602 13676
13603 13610
13604 13607
16874 16869
16874 16873
16874 16882
16874 16946
16874 16948
13610 13680
16946 16870
16946 16947
16946 16949
16947 17084
16948 16949
16948 16950
16948 16952
16949 16962
16949 17084
16949 17085
16950 16951
16950 16962
16951 16952
16952 16882
17085 17086
17085 17088
17086 16962
17086 17087
17087 17088
16984 16871
16984 16872
16985 16872
16985 16986
16985 16988
16986 16987
16987 16988
16988 16879
16864 16875
16864 16876
16869 16870
16869 16871
16869 16872
16872 16873
16872 16879
16873 16875
16873 16876
13674 13675
13674 13677
13676 13677
13676 13678
13676 13680
16875 16882
13677 13690
13679 13678
13679 13680
16879 16876
13678 13690
