4096 4027
4096 4028
4096 4097
4097 4026
4097 4102
4098 4028
4098 4099
4098 4101
4099 4100
4099 4103
4100 4101
4100 4104
4100 4106
4100 7379
4100 7380
4100 7383
4101 4035
4102 4067
4103 4104
4104 7382
4106 4034
4106 4035
4106 4107
4107 4018
4107 7383
8205 4964
8205 4966
8205 7514
8205 7515
8206 4966
8206 7515
8206 8207
8206 8209
8207 4996
8207 8208
8208 8209
8208 8210
8208 8214
8208 8232
8208 8233
8209 7545
8210 8211
8210 8212
8210 8213
8211 7522
8211 8232
8212 7522
8212 8226
8213 8214
8213 8224
8213 8225
8213 8226
8213 8229
8214 8215
8214 8216
8215 4976
8215 8233
8216 4976
8216 8229
8217 8218
8217 8220
8217 8221
8217 8223
8218 8219
8218 8271
8219 8220
8219 8242
8219 8243
8219 8257
8219 8263
8219 8272
8219 8285
8220 8284
8221 8222
8221 8228
8221 8284
8221 8286
8222 8223
8222 8224
8222 8225
8223 8231
8223 8271
8223 8273
8224 8231
8225 8228
8226 8227
8226 8228
8227 7522
8227 8291
8228 8288
8228 8291
8229 8230
8229 8231
8230 4976
8230 8278
8231 8275
8231 8278
8232 7544
8232 7545
8233 4995
8233 4996
8241 8242
8241 8243
8242 8262
8243 8256
8256 8257
8257 8289
8262 8263
8263 8276
8271 8272
8272 8276
8273 8274
8273 8275
8274 5040
8274 8277
8275 5040
8277 5044
8278 5040
8278 5047
8284 8285
8285 8289
8286 8287
8286 8288
8287 7604
8287 8290
8288 7604
8290 7608
8291 7604
8291 7611
4241 3615
4241 3620
4241 4242
4241 4243
4242 3616
4242 4963
4243 4244
4243 4273
4243 4963
4243 4965
4244 3620
4244 4245
4244 4247
4245 3652
4245 4246
4246 4247
4246 4248
4246 4253
4246 4271
4246 4274
4247 4273
4248 4249
4248 4251
4248 4252
4249 4250
4249 4271
4250 4251
4250 4266
4250 4272
4250 4339
4250 4971
4250 4972
4250 4988
4251 4265
4252 4253
4252 4263
4252 4264
4252 4265
4252 4268
4253 4254
4253 4255
4254 3631
4254 4274
4255 3631
4255 4268
4256 4257
4256 4259
4256 4260
4256 4262
4257 4258
4257 4313
4258 4259
4258 4283
4258 4284
4258 4299
4258 4305
4258 4314
4258 4329
4259 4328
4260 4261
4260 4267
4260 4328
4260 4330
4261 4262
4261 4263
4261 4264
4262 4270
4262 4313
4262 4315
4263 4270
4264 4267
4265 4266
4265 4267
4266 4338
4267 4333
4267 4338
4268 4269
4268 4270
4269 3631
4269 4320
4270 4317
4270 4320
4271 4272
4271 4273
4272 4993
4273 4969
4273 4993
4274 3651
4274 3652
4282 4283
4282 4284
4283 4304
4284 4298
4298 4299
4299 4334
4304 4305
4305 4318
4313 4314
4314 4318
4315 4316
4315 4317
4316 3664
4316 4319
4317 3664
4319 3668
4320 3664
4320 3671
4328 4329
4329 4334
4330 4331
4330 4333
4331 4332
4331 4335
4332 4333
4332 4336
4332 4338
4332 5056
4332 5057
4332 5060
4335 4336
4336 5059
4338 4339
4339 5060
6862 6863
6862 6865
6863 6864
6863 6884
6864 6865
6864 6879
6864 6885
6864 6906
6864 6907
6864 6933
6864 6952
6865 6878
6878 6879
6879 6957
6884 6885
6885 6938
6887 6888
6887 6889
6887 6890
6887 6892
6888 3616
6888 7513
6889 3616
6889 7297
6890 6891
6890 6921
6890 7297
6890 7298
6891 6892
6891 6893
6891 6895
6892 6924
6892 7513
6892 7516
6893 6894
6893 6924
6894 6895
6894 6896
6894 6901
6894 6919
6894 6922
6895 6921
6896 6897
6896 6899
6896 6900
6897 6898
6897 6919
6898 6899
6898 6914
6898 6920
6898 6962
6898 7307
6898 7308
6898 7322
6899 6913
6900 6901
6900 6911
6900 6912
6900 6913
6900 6916
6901 6902
6901 6904
6902 6903
6902 6922
6903 6904
6903 6917
6903 6923
6903 6943
6903 7526
6903 7527
6903 7541
6904 6916
6905 6906
6905 6907
6905 6908
6905 6910
6906 6932
6907 6951
6908 6909
6908 6915
6908 6951
6908 6953
6909 6910
6909 6911
6909 6912
6910 6918
6910 6932
6910 6934
6911 6918
6912 6915
6913 6914
6913 6915
6914 6961
6915 6956
6915 6961
6916 6917
6916 6918
6917 6942
6918 6937
6918 6942
6919 6920
6919 6921
6920 7325
6921 7299
6921 7325
6922 6923
6922 6924
6923 7546
6924 7517
6924 7546
6932 6933
6933 6938
6934 6935
6934 6937
6935 6936
6935 6939
6936 6937
6936 6940
6936 6942
6936 7588
6936 7589
6936 7592
6939 6940
6940 7591
6942 6943
6943 7592
6951 6952
6952 6957
6953 6954
6953 6956
6954 6955
6954 6958
6955 6956
6955 6959
6955 6961
6955 7366
6955 7367
6955 7370
6958 6959
6959 7369
6961 6962
6962 7370
4963 4964
4963 4966
4964 3616
4965 4966
4965 4967
4965 4969
4966 4996
4967 4968
4967 4996
4968 4969
4968 4970
4968 4974
4968 4993
4968 4994
4970 4971
4970 4972
4970 4973
4971 4993
4972 4987
4973 4974
4973 4985
4973 4986
4973 4987
4973 4990
4974 4975
4974 4977
4975 4976
4975 4994
4976 4977
4976 4991
4976 4995
4976 5047
4977 4990
4978 4979
4978 4981
4978 4982
4978 4984
4979 4980
4979 5036
4980 4981
4980 5005
4980 5006
4980 5020
4980 5026
4980 5037
4980 5054
4981 5053
4982 4983
4982 4989
4982 5053
4982 5055
4983 4984
4983 4985
4983 4986
4984 4992
4984 5036
4984 5038
4985 4992
4986 4989
4987 4988
4987 4989
4988 5060
4989 5057
4989 5060
4990 4991
4990 4992
4991 5046
4992 5041
4992 5046
4994 4995
4994 4996
5004 5005
5004 5006
5005 5025
5006 5019
5019 5020
5020 5058
5025 5026
5026 5042
5036 5037
5037 5042
5038 5039
5038 5041
5039 5040
5039 5043
5040 5041
5040 5044
5040 5046
5043 5044
5046 5047
5053 5054
5054 5058
5055 5056
5055 5057
5056 5059
7297 4010
7297 4011
7298 4011
7298 7299
7298 7301
7299 7300
7300 7301
7300 7302
7300 7306
7300 7324
7300 7325
7301 4041
7302 7303
7302 7304
7302 7305
7303 4018
7303 7324
7304 4018
7304 7318
7305 7306
7305 7316
7305 7317
7305 7318
7305 7321
7306 7307
7306 7308
7307 7325
7308 7321
7309 7310
7309 7312
7309 7313
7309 7315
7310 7311
7310 7363
7311 7312
7311 7334
7311 7335
7311 7349
7311 7355
7311 7364
7311 7377
7312 7376
7313 7314
7313 7320
7313 7376
7313 7378
7314 7315
7314 7316
7314 7317
7315 7323
7315 7363
7315 7365
7316 7323
7317 7320
7318 7319
7318 7320
7319 4018
7319 7383
7320 7380
7320 7383
7321 7322
7321 7323
7322 7370
7323 7367
7323 7370
7324 4040
7324 4041
7333 7334
7333 7335
7334 7354
7335 7348
7348 7349
7349 7381
7354 7355
7355 7368
7363 7364
7364 7368
7365 7366
7365 7367
7366 7369
7376 7377
7377 7381
7378 7379
7378 7380
7379 7382
7513 7514
7513 7515
7514 3616
7515 7516
7515 7545
7516 7517
7516 7519
7517 7518
7518 7519
7518 7520
7518 7525
7518 7543
7518 7546
7519 7545
7520 7521
7520 7523
7520 7524
7521 7522
7521 7543
7522 7523
7522 7538
7522 7544
7522 7611
7523 7537
7524 7525
7524 7535
7524 7536
7524 7537
7524 7540
7525 7526
7525 7527
7526 7546
7527 7540
7528 7529
7528 7531
7528 7532
7528 7534
7529 7530
7529 7585
7530 7531
7530 7555
7530 7556
7530 7571
7530 7577
7530 7586
7530 7601
7531 7600
7532 7533
7532 7539
7532 7600
7532 7602
7533 7534
7533 7535
7533 7536
7534 7542
7534 7585
7534 7587
7535 7542
7536 7539
7537 7538
7537 7539
7538 7610
7539 7605
7539 7610
7540 7541
7540 7542
7541 7592
7542 7589
7542 7592
7543 7544
7543 7545
7554 7555
7554 7556
7555 7576
7556 7570
7570 7571
7571 7606
7576 7577
7577 7590
7585 7586
7586 7590
7587 7588
7587 7589
7588 7591
7600 7601
7601 7606
7602 7603
7602 7605
7603 7604
7603 7607
7604 7605
7604 7608
7604 7610
7607 7608
7610 7611
3589 3590
3589 3592
3590 3591
3590 3611
3591 3592
3591 3606
3591 3612
3591 3634
3591 3635
3591 3661
3591 3680
3592 3605
3605 3606
3606 3685
3611 3612
3612 3666
3614 3615
3614 3617
3614 3618
3614 3620
3615 3616
3616 3617
3616 4010
3617 4009
3618 3619
3618 3649
3618 4009
3618 4012
3619 3620
3619 3621
3619 3623
3620 3652
3621 3622
3621 3652
3622 3623
3622 3624
3622 3629
3622 3647
3622 3650
3623 3649
3624 3625
3624 3627
3624 3628
3625 3626
3625 3647
3626 3627
3626 3642
3626 3648
3626 3690
3626 4022
3626 4023
3626 4037
3627 3641
3628 3629
3628 3639
3628 3640
3628 3641
3628 3644
3629 3630
3629 3632
3630 3631
3630 3650
3631 3632
3631 3645
3631 3651
3631 3671
3632 3644
3633 3634
3633 3635
3633 3636
3633 3638
3634 3660
3635 3679
3636 3637
3636 3643
3636 3679
3636 3681
3637 3638
3637 3639
3637 3640
3638 3646
3638 3660
3638 3662
3639 3646
3640 3643
3641 3642
3641 3643
3642 3689
3643 3684
3643 3689
3644 3645
3644 3646
3645 3670
3646 3665
3646 3670
3647 3648
3647 3649
3648 4042
3649 4013
3649 4042
3650 3651
3650 3652
3660 3661
3661 3666
3662 3663
3662 3665
3663 3664
3663 3667
3664 3665
3664 3668
3664 3670
3667 3668
3670 3671
3679 3680
3680 3685
3681 3682
3681 3684
3682 3683
3682 3686
3683 3684
3683 3687
3683 3689
3683 4084
3683 4085
3683 4088
3686 3687
3687 4087
3689 3690
3690 4088
4009 4010
4009 4011
4011 4012
4011 4041
4012 4013
4012 4015
4013 4014
4014 4015
4014 4016
4014 4021
4014 4039
4014 4042
4015 4041
4016 4017
4016 4019
4016 4020
4017 4018
4017 4039
4018 4019
4018 4034
4018 4040
4019 4033
4020 4021
4020 4031
4020 4032
4020 4033
4020 4036
4021 4022
4021 4023
4022 4042
4023 4036
4024 4025
4024 4027
4024 4028
4024 4030
4025 4026
4025 4081
4026 4027
4026 4051
4026 4052
4026 4067
4026 4073
4026 4082
4028 4029
4028 4035
4029 4030
4029 4031
4029 4032
4030 4038
4030 4081
4030 4083
4031 4038
4032 4035
4033 4034
4033 4035
4036 4037
4036 4038
4037 4088
4038 4085
4038 4088
4039 4040
4039 4041
4050 4051
4050 4052
4051 4072
4052 4066
4066 4067
4072 4073
4073 4086
4081 4082
4082 4086
4083 4084
4083 4085
4084 4087
