15104 15097
15104 15101
15104 15214
13312 13299
13312 13300
13312 14044
15107 15099
15107 15100
15107 15178
13334 13220
13334 13221
13334 13335
13334 13337
13335 13219
13335 15210
13336 13221
13336 13337
13336 13338
13336 13340
13337 13350
13337 15210
13337 15211
13338 13339
13338 13350
13339 13340
13212 13224
13212 13225
13340 13228
13217 13218
13217 13220
13217 13221
13217 13223
13218 13219
13218 13296
13219 13220
13219 13297
13219 14041
13219 15095
13219 15096
13219 15173
13221 13222
13221 13228
13350 15212
13222 13223
13222 13224
13222 13225
13223 13231
13223 13296
13223 13298
13224 13231
13225 13228
13231 13302
15097 15094
15097 15098
15097 15210
15097 15211
15099 15094
15099 15098
15099 15172
15099 15174
15553 14041
15553 14042
15553 15173
15553 15175
15554 14042
15554 15175
15554 15555
15554 15557
15555 15188
15555 15556
15172 15095
15172 15173
15172 15175
15556 15557
15174 15175
15174 15176
15174 15178
15557 14054
15177 15176
15177 15178
15175 15188
15176 15188
14040 13297
14040 13299
14040 14041
14040 14042
14042 14043
14042 14054
14043 13299
14043 14044
14043 14046
14044 14045
14045 14046
14046 14054
15210 15096
15211 15212
15211 15214
15212 15213
15213 15214
13296 13297
13296 13299
13298 13299
13298 13300
13298 13302
15089 15100
15089 15101
13301 13300
13301 13302
15094 15095
15094 15096
15098 15100
15098 15101
