9889
9887
12503
11799
13059
11978
11275
11095
12859
9888
12505
9890
12504
11800
11276
11096
11979
11801
11307
11804
11981
11983
9926
12507
12510
11832
9923
12010
11278
11280
9892
12540
9895
11128
12860
12862
13060
13062
12537
11097
11100
11802
11281
11803
11980
11984
9894
12508
12509
11982
11805
12863
11098
11279
9891
13061
9896
11099
12506
12861
11277
13063
12511
9893
11101
12925
12927
12571
12930
12931
12578
11970
11972
12513
10073
12516
11976
12518
11975
12520
10080
12521
12480
12515
12525
11953
12530
12531
11957
12533
11959
12534
11960
12539
11955
11964
11347
12478
11349
11254
11352
11353
11261
11362
12494
11364
11368
11369
12500
11103
11104
11105
11107
11109
11110
11112
11115
11120
11121
11123
11124
9925
11991
11992
11989
11986
11988
11993
11995
11138
11998
12006
12007
12003
12004
12009
11154
11160
12548
12019
12550
12552
12554
12555
12559
12567
12041
12569
12573
12574
12035
13065
13066
13067
13069
13070
13071
13073
13076
13081
13082
13084
13085
11306
11250
13095
11252
11256
11257
11267
11269
13110
10054
11272
11273
13116
10061
12065
12067
12069
12071
12072
12076
12050
12052
12055
12056
9903
9905
9901
9898
9900
9906
9908
9911
9919
9920
9916
9917
12869
12870
12867
9937
12866
12865
12871
12873
12876
12884
12885
12881
9960
12882
12536
9954
13125
12895
13127
13130
13131
11811
11813
11809
13138
13140
11807
11808
11814
12916
11816
13143
11366
11819
12910
13144
11373
11827
11828
11824
11825
11831
9922
11842
11283
11285
11286
11288
11289
11290
11292
11295
11864
11300
11301
11858
11303
11304
11127
10069
10071
10075
10076
11316
10050
10052
10056
10057
11332
12938
11338
12940
12943
12944
12926
12928
12929
12917
12575
12932
11818
11973
12512
11974
12517
10077
12519
11971
12532
10079
12522
12523
12529
12524
11954
12577
12528
11958
12558
11865
12527
11961
12538
11956
11963
11296
12479
11350
11351
11348
11258
11260
11363
12481
11367
11333
11365
12501
11125
9904
11102
11126
11106
11111
11113
11114
11119
11118
11122
11117
9924
11990
12005
11985
11987
12002
11996
11994
11139
11999
12057
12000
12075
12001
12008
11140
11161
12526
12021
12551
12553
12549
12556
13132
12568
12020
12572
12495
12570
12036
13086
11284
13064
13087
13068
13072
13074
13075
13080
13079
13083
13078
11305
11116
13096
11255
11251
11253
11268
11270
13097
11271
11155
10058
13117
11274
11997
12068
12070
12066
12073
12945
12051
12054
12042
12053
9902
9918
9914
9921
9897
9909
9907
9912
10060
9913
9899
9915
12887
12514
12868
9939
12864
12886
12874
12872
12877
12883
12878
12880
9938
12879
12535
9955
13077
12897
13129
13126
13128
11830
11812
11810
13139
13141
11806
11823
11817
12896
11815
13111
13142
11820
12911
11370
13145
11826
11821
11977
11822
12011
11829
11844
11282
11299
11287
11108
11302
11291
11293
11294
11843
11372
11298
11859
11354
11297
11308
9910
10074
10070
10072
11317
10051
10055
9961
10053
11318
12875
11339
12942
12939
12941
