268 237
268 242
268 355
271 239
271 240
271 317
848 846
848 849
848 877
848 879
848 880
85 79
85 84
85 117
85 962
85 965
239 234
239 238
239 311
239 313
311 235
311 312
311 314
312 81
312 995
313 314
313 315
313 317
314 327
314 995
314 996
315 316
315 327
316 317
240 238
240 241
962 80
962 963
962 964
963 81
963 995
964 965
964 993
964 995
964 996
965 966
965 968
966 117
966 967
967 968
327 997
968 993
846 82
846 83
846 847
79 80
79 82
79 83
80 81
81 82
81 235
81 236
81 350
81 847
847 879
84 83
84 86
84 88
849 83
849 850
849 852
851 850
851 852
87 86
87 88
83 114
88 114
852 877
850 114
86 117
349 236
349 237
349 350
349 352
350 879
351 237
351 352
351 353
351 355
352 365
352 879
352 880
993 999
354 353
354 355
996 997
996 999
998 997
998 999
353 365
234 235
234 236
234 237
877 883
238 237
238 242
880 881
880 883
241 242
882 881
882 883
365 881
