10624 10618
10624 10621
10624 10623
10379 10348
10379 10353
10379 10486
10254 10140
10254 10141
10254 10255
10254 10257
10255 10139
10255 10514
10382 10350
10382 10351
10382 10591
10512 10484
10512 10488
10512 10518
10514 10257
10514 10483
10514 10484
10515 10257
10515 10484
10515 10516
10515 10518
10132 10144
10132 10145
10517 10516
10517 10518
10256 10141
10256 10257
10256 10258
10256 10260
10259 10258
10259 10260
10257 10270
10137 10138
10137 10140
10137 10141
10137 10143
10138 10139
10138 10216
10139 10140
10139 10217
10139 10346
10139 10347
10139 10483
10139 10588
10516 10270
10142 10141
10142 10143
10142 10144
10142 10145
10270 10258
10488 10485
10488 10487
10143 10151
10143 10216
10143 10218
10144 10151
10148 10141
10148 10145
10148 10260
10151 10222
10219 10216
10219 10218
10219 10232
10219 10620
10219 10621
10587 10346
10587 10350
10587 10588
10587 10589
10588 10620
10589 10590
10589 10618
10589 10620
10589 10621
10590 10350
10590 10591
10590 10593
10220 10218
10220 10221
10220 10232
10592 10591
10592 10593
10348 10345
10348 10349
10348 10482
10348 10485
10593 10618
10350 10345
10350 10349
10222 10218
10222 10221
10216 10217
10345 10346
10345 10347
10347 10482
10217 10620
10349 10351
10349 10353
10352 10351
10352 10353
10482 10483
10482 10484
10484 10485
10485 10486
10486 10487
10232 10622
10621 10622
10622 10623
