8984 8982
8986 8982
8990 8975
8990 8982
8991 8982
8991 8993
6989 6987
6991 6987
6996 6987
6996 6998
6995 6877
6995 6987
6970 6968
6976 6883
6976 6968
6977 6968
6977 6979
6972 6968
10261 10259
12230 12228
12230 12233
10263 10259
10267 10148
10267 10259
10268 10259
10268 10270
10242 10240
12251 12228
12251 12253
10244 10240
10248 10154
10248 10240
10249 10240
10249 10251
12245 12233
12245 12247
10489 10487
10489 10492
10504 10492
10504 10506
10510 10487
10510 10512
12273 12271
7438 7436
7438 7441
12275 12271
12278 12247
12278 12271
12279 10765
12279 12271
12260 12258
7460 7436
7460 7462
12262 12258
12265 12253
12265 12258
12266 8993
12266 12258
7454 7441
7454 7456
10519 10517
10710 10708
10710 10713
10521 10517
10524 10512
10524 10517
10525 10270
10525 10517
10532 10530
10534 10530
10732 10708
10732 10734
10537 10506
10537 10530
10538 7277
10538 10530
10726 10713
10726 10728
7484 7482
7486 7482
7490 7456
7490 7482
7491 7482
7491 7493
7469 7467
7471 7467
7474 7462
7474 7467
7475 6979
7475 7467
7222 7220
7222 7225
7238 7225
7238 7240
7244 7220
7244 7246
10756 10754
8952 8950
8952 8955
10758 10754
10762 10728
10762 10754
10763 10754
10763 10765
10741 10739
10743 10739
8973 8950
8973 8975
10746 10734
10746 10739
8967 8955
8967 8969
10747 10251
10747 10739
6858 6856
6858 6861
6881 6856
6881 6883
6875 6861
6875 6877
7253 7251
7255 7251
7258 7246
7258 7251
7259 6998
7259 7251
10129 10127
10129 10132
7268 7266
7270 7266
7274 7240
7274 7266
7275 7266
7275 7277
10152 10127
10152 10154
9001 8999
10146 10132
10146 10148
9003 8999
9006 8969
9006 8999
9007 7493
9007 8999
