13514 13512
13516 13512
13520 13427
13520 13512
13521 13512
13521 13523
17063 17061
17065 17061
17069 16814
17069 17061
17068 17056
17068 17061
17076 17074
17081 17050
17081 17074
17082 13821
17082 17074
17078 17074
18817 18815
13982 13980
13982 13985
18819 18815
18822 18791
18822 18815
18823 17309
18823 18815
18804 18802
14004 13980
14004 14006
18806 18802
18809 18797
18809 18802
18810 15537
18810 18802
13998 13985
13998 14000
17254 17252
17254 17257
17276 17252
17276 17278
17270 17257
17270 17272
14028 14026
13766 13764
13766 13769
14030 14026
14034 14000
14034 14026
14035 14026
14035 14037
14013 14011
13782 13769
13782 13784
14015 14011
14018 14006
14018 14011
14019 13523
14019 14011
13788 13764
13788 13790
17300 17298
15496 15494
15496 15499
17302 17298
17306 17272
17306 17298
17307 17298
17307 17309
17285 17283
17287 17283
15517 15494
15517 15519
17290 17278
17290 17283
17291 16795
17291 17283
15511 15499
15511 15513
13797 13795
13799 13795
13802 13790
13802 13795
13803 13542
13803 13795
13812 13810
13814 13810
13818 13784
13818 13810
13819 13810
13819 13821
16673 16671
16673 16676
16696 16671
16696 16698
16690 16676
16690 16692
15545 15543
13402 13400
13402 13405
15547 15543
15550 15513
15550 15543
15551 14037
15551 15543
15528 15526
15530 15526
13425 13400
13425 13427
15534 15519
15534 15526
13419 13405
13419 13421
15535 15526
15535 15537
17033 17031
17033 17036
17048 17036
17048 17050
17054 17031
17054 17056
16805 16803
16807 16803
16811 16692
16811 16803
16812 16803
16812 16814
18774 18772
18774 18777
16786 16784
16788 16784
16792 16698
16792 16784
16793 16784
16793 16795
18795 18772
18795 18797
13533 13531
18789 18777
18789 18791
13535 13531
13539 13421
13539 13531
13540 13531
13540 13542
