17672 17642
17672 17643
17672 17823
19081 19050
19081 19055
19081 19405
19084 19052
19084 19053
19084 19605
19603 17820
19603 17821
19603 19048
19603 19052
19604 17821
19604 19052
19604 19605
19604 19607
19605 19606
19606 19607
19607 17851
17819 17640
17819 17642
17819 17820
17819 17821
17820 16433
17821 17822
17821 17851
17822 17642
17822 17823
17822 17825
17823 17824
17824 17825
17825 17851
18343 16434
18343 16435
18343 18344
18343 18346
18344 16433
18344 18522
18345 16435
18345 18346
18345 18347
18345 18349
18346 18376
18346 18522
18346 18525
18347 18348
18347 18376
18348 18349
18349 16467
16431 16432
16431 16434
16431 16435
16431 16437
16432 16433
16432 17639
16433 16434
16433 17640
16433 18523
16433 19048
16433 19049
16435 16436
16435 16467
16436 16437
16436 16438
16436 16440
16437 16470
16437 17639
16437 17641
16438 16439
16438 16470
16439 16440
16440 16467
17642 17639
17642 17641
18376 18526
19403 18523
19403 18524
19403 19049
19403 19050
19404 18524
19404 19050
19404 19405
19404 19407
19405 19406
19406 19407
19407 18554
16470 17645
18522 18523
18522 18524
18524 18525
18524 18554
18525 18526
18525 18528
18526 18527
18527 18528
18528 18554
19050 19047
19050 19051
17639 17640
19047 19048
19047 19049
19047 19052
17641 17643
17641 17645
17644 17643
17644 17645
19051 19052
19051 19053
19051 19055
19054 19053
19054 19055
