274
24536
696
1650
23628
928
23246
23844
272
23845
275
1651
697
929
23248
23247
273
1652
23280
1655
931
933
23876
699
701
960
1683
310
23250
23253
24537
728
24539
23283
277
280
23629
23631
307
23847
23849
930
23254
1656
278
932
24540
698
702
934
1654
279
23251
23252
1653
23632
24538
23848
276
281
23249
23630
700
23846
23850
337
339
341
343
344
348
1723
1725
709
1727
707
1730
704
1729
706
1734
711
713
710
716
1740
724
725
1019
721
1745
722
1746
727
1742
1026
23291
737
23293
23295
23297
23298
23302
23310
759
23312
23316
23317
753
23852
23854
23855
23857
23858
23859
23861
23864
23869
23870
23872
23873
23875
936
938
939
941
942
943
945
23885
948
953
954
956
957
309
23901
23907
783
969
785
787
789
790
794
768
985
770
773
774
991
23638
23639
23636
23634
23635
23640
23642
23645
23653
23654
23650
23651
23279
23916
23664
23918
23921
23922
23931
23933
23685
23935
23937
23938
23679
23942
1000
1002
322
1005
1006
329
1015
1017
1021
1022
24542
24543
24544
24546
24547
24548
24550
24553
24558
24559
24561
24562
283
285
286
24572
290
288
291
249
295
300
301
303
24587
304
306
24593
23707
247
23709
23712
23713
1658
1659
1660
23694
23696
1662
1664
1665
263
1667
23699
23314
1670
269
23700
23321
1675
1676
1678
1679
959
1682
1691
23256
23258
23259
23261
23263
23264
23223
23268
1706
23273
23274
1712
23276
23277
23282
24602
24604
24607
24608
23221
24615
24617
24620
24621
23237
318
23243
320
324
325
338
340
342
264
345
347
1671
1726
708
1728
703
1731
705
1724
720
24609
714
712
723
717
1741
775
718
1744
793
1707
719
1023
726
1743
1747
23269
739
23294
23296
23292
23299
23923
23311
738
23315
23238
23313
754
23874
23853
23851
23877
23856
23860
23862
23863
23868
23867
23871
23866
24563
935
952
940
289
955
944
946
23886
947
1025
951
1007
950
961
23887
23908
715
970
786
788
784
791
23714
769
971
772
760
771
992
23656
23257
23637
23655
23633
23643
23641
23646
23652
23647
23649
23648
23278
23865
23666
23920
23917
23919
23932
23934
23665
23936
23902
23939
23680
23941
949
1003
1004
1001
326
328
1016
1020
986
1018
24541
24557
24555
24564
24545
24549
24551
24552
24622
24556
1663
24560
305
284
282
24573
287
308
292
293
294
299
298
302
24574
297
729
24594
23644
248
23711
23708
23710
1680
937
1657
23695
23697
1661
1677
1666
250
1668
23686
23698
1669
270
23318
23701
1674
1673
1733
1672
958
1681
1692
23255
23272
23260
23262
23275
23265
23266
23267
1693
23320
23271
1713
23301
23270
23281
24554
24606
24603
24605
23222
24616
24619
24588
24618
23224
296
23244
323
319
321
