8499 6618
8499 6619
8499 8500
8499 8502
8500 6617
8500 8679
8501 6619
8501 8502
8501 8503
8501 8505
8502 8532
8502 8679
8502 8682
8503 8504
8503 8532
8504 8505
8504 8506
8504 8510
8504 8529
8504 8530
8505 6651
9869 8080
9869 9868
9869 9872
8507 6627
8507 8506
8507 8529
8508 6627
8508 8506
8508 8523
8509 8506
8509 8510
8509 8521
8509 8522
8509 8523
8509 8526
8510 8511
8510 8513
8511 8512
8511 8530
8512 8513
8512 8527
8512 8531
8512 8665
8512 8692
8512 8693
8512 8707
8513 8526
8514 8515
8514 8517
8514 8518
8514 8520
8516 8515
8516 8517
8516 8543
8516 8544
8516 8559
8516 8565
8516 8655
8516 8672
8517 8671
8518 8519
8518 8525
8518 8671
8518 8673
8519 8520
8519 8521
8519 8522
8515 8654
8520 8528
8520 8654
8520 8656
8521 8528
8523 8524
8523 8525
8524 6627
8524 8678
8525 8522
8525 8675
8525 8678
8526 8527
8526 8528
8527 8664
8528 8659
8528 8664
8530 8531
8530 8532
8531 8712
8532 8683
8532 8712
8529 6650
8529 6651
8542 8543
8542 8544
7829 7825
7829 7830
7829 7836
7829 7981
7829 7983
8544 8558
8543 8564
8558 8559
8559 8676
8564 8565
8565 8660
7831 7825
7831 7830
7831 7839
7831 7964
7831 7966
7817 7815
7817 7818
7817 7819
7817 7820
9867 9801
9867 9866
9867 9871
7818 6632
7818 7840
7821 7815
7821 7820
7821 7822
7821 7824
7823 7822
7823 7824
7823 7838
7823 7842
7823 7975
7823 8002
7823 8003
7823 8017
7833 7820
7833 7830
7833 7836
9860 9280
9860 9287
9860 9812
9860 9813
8654 8655
8655 8660
8656 8657
8656 8659
8657 8658
8657 8661
8658 8659
8658 8662
8658 8664
8658 8754
8658 8755
8658 8758
8661 8662
8662 8757
6615 6616
6615 6618
6615 6619
6615 6621
6616 6617
6616 7810
8665 8664
8665 8758
6617 6618
6617 7811
6617 7990
6617 8680
6617 9232
6617 9233
6619 6620
6619 6651
6620 6621
6620 6622
6620 6624
6621 6654
6621 7810
6621 7812
6622 6623
6622 6654
6623 6624
6623 6625
6623 6630
6623 6649
6623 6652
6624 6651
8674 6801
8674 8673
8674 8677
8671 8672
6628 6625
6628 6627
6628 6643
8673 8675
6626 6625
6626 6627
6626 6649
8676 8672
8677 6805
6629 6625
6629 6630
6629 6641
6629 6642
6629 6643
6629 6646
8679 8680
8679 8681
8680 9587
8681 8682
8681 8711
8681 9587
8681 9588
8682 8683
8682 8685
8683 8684
8687 8686
8687 8688
8687 8709
8688 8689
8688 8704
8688 8710
8688 8777
8688 9593
8688 9594
8688 9609
8684 8685
8684 8686
8684 8691
8684 8709
8684 8712
8685 8711
6634 6635
6634 6637
6634 6638
6634 6640
6636 6635
6636 6637
6636 6666
6636 6667
6636 6683
6636 6689
6636 6779
6636 6798
6639 6638
6639 6640
6639 6641
6639 6642
8690 8686
8690 8691
8690 8701
8690 8702
8690 8703
8690 8706
6644 6627
6644 6643
6644 6807
8696 8695
8696 8697
8696 8721
8696 8722
8696 8737
8696 8743
8696 8752
8696 8767
6645 6638
6645 6642
6645 6643
6645 6802
6645 6807
6650 6627
6650 6649
8699 8698
8699 8700
8699 8701
8699 8702
8692 8691
8692 8712
6647 6632
6647 6646
6647 6788
6648 6640
6648 6641
6648 6646
6648 6783
6648 6788
6651 6649
8704 8703
8704 8776
8705 8698
8705 8702
8705 8703
8705 8771
8705 8776
6653 6632
6653 6652
6653 7840
8707 8706
8707 8758
8708 8700
8708 8701
8708 8706
8708 8755
8708 8758
6654 6652
6654 7816
6654 7840
8710 8709
8710 9614
8711 8709
8711 9591
8711 9614
6665 6666
6665 6667
6666 6688
6667 6682
8720 8721
8720 8722
8721 8742
8722 8736
6682 6683
6683 6803
6688 6689
8736 8737
6689 6784
8737 8772
8742 8743
8743 8756
8751 8695
8751 8700
8751 8752
8752 8756
8753 8700
8753 8754
8753 8755
8754 8757
8766 8697
8766 8698
8766 8767
8767 8772
8768 8698
8768 8769
8768 8771
8769 8770
8769 8773
8770 8771
8770 8774
8770 8776
8770 9669
8770 9670
8770 9673
8773 8774
8774 9672
6627 6808
8776 8777
8777 9673
6630 6631
6630 6633
6631 6632
6631 6652
6632 6633
6632 6789
6632 7819
6632 7835
6633 6646
6635 6778
6637 6797
6638 6797
6638 6799
6778 6640
6778 6779
6779 6784
6780 6640
6780 6781
6780 6783
6781 6782
6781 6785
6782 6783
6782 6786
6782 6788
6782 7984
6782 7985
6782 7988
8675 6801
6785 6786
6786 7987
6789 6788
6789 7988
6797 6798
6798 6803
6799 6800
6799 6802
6801 6800
6801 6802
6801 6805
6801 6807
6801 8678
6804 6800
6804 6805
6807 6808
6808 8678
8686 8689
8689 8703
8691 8693
8693 8706
8694 8695
8694 8697
8694 8698
8694 8700
9206 9207
9206 9209
9207 9208
9207 9228
9208 9209
9208 9223
9208 9229
9208 9250
9208 9251
9208 9277
9208 9296
9209 9222
9222 9223
9223 9301
9228 9229
9229 9282
9231 9232
9231 9233
9231 9234
9231 9236
9232 9787
9233 9587
9234 9235
9234 9265
9234 9587
9234 9588
9235 9236
9235 9237
9235 9239
9236 9268
9236 9787
9236 9788
9237 9238
9237 9268
9238 9239
9238 9240
9238 9245
9238 9263
9238 9266
9239 9265
9240 9241
9240 9243
9240 9244
9241 9242
9241 9263
9242 9243
9242 9258
9242 9264
9242 9306
9242 9597
9242 9598
9242 9612
9243 9257
9244 9245
9244 9255
9244 9256
9244 9257
9244 9260
9245 9246
9245 9248
9246 9247
9246 9266
9247 9248
9247 9261
9247 9267
9247 9287
9247 9797
9247 9798
9247 9812
9248 9260
9249 9250
9249 9251
9249 9252
9249 9254
9250 9276
9251 9295
9252 9253
9252 9259
9252 9295
9252 9297
9253 9254
9253 9255
9253 9256
9254 9262
9254 9276
9254 9278
9255 9262
9256 9259
9257 9258
9257 9259
9258 9305
9259 9300
9259 9305
9260 9261
9260 9262
9261 9286
9262 9281
9262 9286
9263 9264
9263 9265
9264 9615
9265 9589
9265 9615
9266 9267
9266 9268
9267 9815
9268 9789
9268 9815
9276 9277
9277 9282
9278 9279
9278 9281
9279 9280
9279 9283
9280 9281
9280 9284
9280 9286
9280 9856
9280 9857
9283 9284
9284 9859
9286 9287
9295 9296
9296 9301
9297 9298
9297 9300
9298 9299
9298 9302
9299 9300
9299 9303
9299 9305
9299 9656
9299 9657
9299 9660
9302 9303
9303 9659
9305 9306
9306 9660
9588 9589
9588 9591
9589 9590
9590 9591
9590 9592
9590 9596
9590 9614
9590 9615
9592 9593
9592 9594
9592 9595
9593 9614
9594 9608
9595 9596
9595 9606
9595 9607
9595 9608
9595 9611
9596 9597
9596 9598
9597 9615
9598 9611
9599 9600
9599 9602
9599 9603
9599 9605
9600 9601
9600 9653
9601 9602
9601 9624
9601 9625
9601 9639
9601 9645
9601 9654
9601 9667
9602 9666
9603 9604
9603 9610
9603 9666
9603 9668
9604 9605
9604 9606
9604 9607
9605 9613
9605 9653
9605 9655
9606 9613
9607 9610
9608 9609
9608 9610
9609 9673
9610 9670
9610 9673
9611 9612
9611 9613
9612 9660
9613 9657
9613 9660
9623 9624
9623 9625
9624 9644
9625 9638
9638 9639
9639 9671
9644 9645
9645 9658
9653 9654
9654 9658
9655 9656
9655 9657
9656 9659
9666 9667
9667 9671
9668 9669
9668 9670
9669 9672
9787 7990
9787 7991
9788 7991
9788 9789
9788 9791
9789 9790
9790 9791
9790 9792
9790 9796
9790 9814
9790 9815
9791 8021
9792 9793
9792 9794
9792 9795
9793 7998
9793 9814
9794 7998
9794 9808
9795 9796
9795 9806
9795 9807
9795 9808
9795 9811
9796 9797
9796 9798
9797 9815
9798 9811
9799 9800
9799 9802
9799 9803
9799 9805
9800 9801
9800 9853
9801 9802
9801 9824
9801 9825
9801 9839
9801 9845
9801 9854
9802 9866
9803 9804
9803 9810
9803 9866
9803 9868
9804 9805
9804 9806
9804 9807
9805 9813
9805 9853
9805 9855
9806 9813
9807 9810
9808 9809
9808 9810
9809 7998
9809 9873
9810 9870
9810 9873
9811 9812
9811 9813
9813 9857
9814 8020
9814 8021
9823 9824
9823 9825
9824 9844
9825 9838
9838 9839
9839 9871
9844 9845
9845 9858
9853 9854
9854 9858
9855 9856
9855 9857
9856 9859
7810 7811
7810 7813
7811 7989
7812 7813
7812 7814
7812 7816
7813 7843
7813 7989
7813 7992
7814 7815
7814 7843
7815 7816
7815 7840
7815 7841
9868 9870
7820 7832
7820 7834
7820 7837
7822 7841
9872 8084
7824 7837
7825 7826
7825 7828
7827 7826
7827 7828
7827 7854
7827 7855
7827 7870
7827 7876
7827 7965
7827 7982
7819 7834
9873 8080
9873 8087
7830 7832
9870 8080
7832 7839
7826 7964
7834 7835
7834 7836
7835 7988
7836 7985
7836 7988
7828 7981
7838 7837
7838 7974
7839 7837
7839 7969
7839 7974
7841 7842
7841 7843
7842 8022
7843 7993
7843 8022
7853 7854
7853 7855
7854 7875
7855 7869
7869 7870
7870 7986
7875 7876
7876 7970
7964 7965
7965 7970
7966 7967
7966 7969
7967 7968
7967 7971
7968 7969
7968 7972
7968 7974
7968 8064
7968 8065
7968 8068
7971 7972
7972 8067
7974 7975
7975 8068
7981 7982
7982 7986
7983 7984
7983 7985
7984 7987
7989 7990
7989 7991
7991 7992
7991 8021
7992 7993
7992 7995
7993 7994
7994 7995
7994 7996
7994 8001
7994 8019
7994 8022
7995 8021
7996 7997
7996 7999
7996 8000
7997 7998
7997 8019
7998 7999
7998 8014
7998 8020
7998 8087
7999 8013
8000 8001
8000 8011
8000 8012
8000 8013
8000 8016
8001 8002
8001 8003
8002 8022
8003 8016
8004 8005
8004 8007
8004 8008
8004 8010
8005 8006
8005 8061
8006 8007
8006 8031
8006 8032
8006 8047
8006 8053
8006 8062
8006 8077
8007 8076
8008 8009
8008 8015
8008 8076
8008 8078
8009 8010
8009 8011
8009 8012
8010 8018
8010 8061
8010 8063
8011 8018
8012 8015
8013 8014
8013 8015
8014 8086
8015 8081
8015 8086
8016 8017
8016 8018
8017 8068
8018 8065
8018 8068
8019 8020
8019 8021
8030 8031
8030 8032
8031 8052
8032 8046
8046 8047
8047 8082
8052 8053
8053 8066
8061 8062
8062 8066
8063 8064
8063 8065
8064 8067
8076 8077
8077 8082
8078 8079
8078 8081
8079 8080
8079 8083
8080 8081
8080 8084
8080 8086
8083 8084
8086 8087
