16433
17819
18522
17639
19403
16431
19047
19603
18343
17820
18344
17640
18523
16432
19049
19048
16434
17641
19081
17644
16436
16439
17851
18525
18527
16470
17672
16467
19051
19054
17822
18554
17824
19084
18345
18348
19404
19406
18376
19604
19606
16437
19055
17645
16435
16440
17825
18524
18528
16438
17643
18349
19052
19053
17642
19407
17823
19605
18346
18347
19050
19405
18526
17821
19607
18497
18499
18501
18503
18504
18508
17794
17796
18535
17798
18533
17801
18530
17800
18532
17805
18537
18539
18536
18542
17811
18550
18551
16598
18547
17816
18548
17817
18553
17813
16605
19092
18563
19094
19096
19098
19099
19103
19111
18585
19113
19117
19118
18579
19609
19610
19611
19613
19614
19615
19617
19620
19625
19626
19628
19629
17850
16447
16449
16445
16442
16444
16450
16452
19639
16455
16463
16464
16460
16461
16466
19654
19660
18609
16481
18611
18613
18615
18616
18620
18594
16504
18596
18599
18600
16498
19413
19414
19411
19409
19410
19415
19417
19420
19428
19429
19425
19426
19080
19669
19439
19671
19674
19675
19682
19684
19460
17910
19687
19688
19454
17917
16613
16615
16617
16619
16620
16624
16594
16596
16600
16601
17827
17829
17830
17832
17833
17834
17836
17839
17844
17845
17847
17848
18355
18357
18353
17860
18352
18351
18358
18360
18363
18371
18372
18368
17876
18369
18375
17882
19482
18386
19484
19487
19488
17647
17648
17649
19469
19471
17651
17653
17654
18408
17656
19474
19115
17659
18402
19475
19122
17664
17665
17667
17668
16469
17671
17682
19057
19059
19060
19062
19064
19065
19024
19069
17698
19074
19075
17704
19077
19078
19083
17891
17893
17896
17897
19022
17906
17908
17912
17913
19038
18514
19044
18516
18519
18520
18498
18500
18502
18409
18505
18507
17660
17797
18534
17799
18529
17802
18531
17795
18546
17898
18540
18538
18549
18543
17812
18601
18544
17815
18619
17699
18545
16602
18552
17814
17818
19070
18565
19095
19097
19093
19100
19676
19112
18564
19116
19039
19114
18580
19630
17828
19608
19631
19612
19616
19618
19619
19624
19623
19627
19622
17849
16446
16462
16441
16443
16459
16453
16451
19640
16456
16604
16457
16623
16458
16465
19641
19661
18541
16483
18612
18614
18610
18617
19489
18595
16482
18598
18586
18597
16499
19431
19058
19412
19430
19408
19418
19416
19421
19427
19422
19424
19423
19079
19621
19441
19673
19670
19672
19683
19685
19440
19686
19655
17914
19455
19689
16454
16616
16618
16614
16621
18521
16595
16599
16505
16597
17826
17843
17841
17852
17831
17835
17837
17838
17916
17842
17652
17846
18374
18356
18354
17861
18350
18373
18361
18359
18364
18370
18365
18367
17862
18366
18555
17883
19419
18388
19486
19483
19485
17669
16448
17646
19470
19472
17650
17666
17655
18387
17657
19461
19473
17658
18403
19119
19476
17663
17662
17804
17661
16468
17670
17683
19056
19073
19061
19063
19076
19066
19067
19068
17684
19121
19072
17705
19102
19071
19082
17840
17895
17892
17894
19023
17907
17911
17877
17909
19025
18362
19045
18518
18515
18517
