13696 13695
13696 13697
13697 13613
13697 13694
13579 13580
13579 13581
13579 13582
13579 13584
13580 10309
13580 13655
13581 10309
13581 13693
13582 13583
13582 13613
13582 13693
13582 13694
10383 10308
10383 10313
10383 10384
10383 10386
10384 10309
10384 10652
10385 10313
10385 10386
10385 10387
10385 10389
13583 13584
13583 13585
13583 13587
13586 13585
13586 13587
10388 10387
10388 10389
10389 10344
13584 13616
13584 13655
13584 13657
13585 13616
10386 10399
10386 10652
10386 10655
10387 10399
13587 13613
10652 10653
10652 10654
10653 10309
10653 13928
10654 10655
10654 10666
10654 13928
10654 13929
10655 10656
10655 10658
10399 10656
10657 10656
10657 10658
10658 10666
10666 13932
13616 13661
10421 10310
10421 10311
10421 10422
10421 10424
10422 10309
10422 13693
10423 10311
10423 10424
10423 10425
10423 10427
10424 10437
10424 13693
10424 13694
10425 10426
10425 10437
10426 10427
10427 10341
10307 10308
10307 10310
10307 10311
10307 10313
10308 10309
10309 10310
10309 13656
10437 13695
10312 10311
10312 10313
10312 10314
10312 10316
10311 10341
10313 10344
10315 10314
10315 10316
10314 10344
10316 10341
13655 13656
13655 13658
13656 13928
13657 13658
13657 13659
13657 13661
13658 13671
13658 13928
13658 13929
13659 13660
13659 13671
13660 13661
13671 13930
13929 13930
13929 13932
13931 13930
13931 13932
13694 13695
