24595 24593
24595 24607
1539 1541
1539 1546
1539 1564
1539 1567
1317 1319
1317 1324
1317 1342
1317 1345
24249 24247
24249 24464
1721 1723
1721 1725
1721 1729
1721 1730
1347 1345
1347 1567
1566 1564
1566 24463
1344 1342
1344 1715
24570 24572
24570 24576
24570 24593
24570 24596
1732 1730
1732 24608
24439 24441
24439 24445
24439 24463
24439 24464
24246 24244
24246 24596
1689 1691
1689 1695
1689 1712
1689 1715
24600 24602
24600 24604
24600 24607
24600 24608
1714 1712
1714 1729
24219 24221
24219 24226
24219 24244
24219 24247
