11159 11157
11159 11237
10010 10012
10010 10014
10010 10018
10010 10019
9935 9937
9935 9941
9935 9960
9935 9963
10898 10896
10898 11615
11265 11267
11265 11269
11265 11272
11265 11273
9965 9963
9965 10018
10021 10019
10021 10899
9962 9960
9962 10056
11229 11231
11229 11233
11229 11237
11229 11238
11156 11154
11156 11272
10889 10891
10889 10893
10889 10896
10889 10899
11240 11238
11240 11616
10048 10050
10048 10052
10048 10056
10048 10057
11141 11138
11141 11142
11141 11154
11141 11157
10059 10057
10059 11273
11608 11610
11608 11612
11608 11615
11608 11616
