16545 16543
16545 17279
16746 16748
16746 16750
16746 16754
16746 16755
16671 16673
16671 16677
16671 16696
16671 16699
17394 17392
17394 17406
17283 17285
17283 17287
17283 17290
17283 17291
16701 16699
16701 16754
16757 16755
16757 17407
16698 16696
16698 16792
16518 16520
16518 16525
16518 16543
16518 16546
17278 17276
17278 17290
17399 17401
17399 17403
17399 17406
17399 17407
16548 16546
16548 17395
16784 16786
16784 16788
16784 16792
16784 16793
17252 17254
17252 17258
17252 17276
17252 17279
16795 16793
16795 17291
17368 17370
17368 17374
17368 17392
17368 17395
