11392 11168
11392 11391
11392 14649
11393 11391
11393 11394
11393 11423
11393 14649
11393 14650
11394 11172
11394 11395
11394 11397
11395 11204
11395 11396
11396 11397
11397 11423
11577 11575
11577 11578
11577 11589
11541 11169
11541 11170
11541 11542
11541 11543
11542 11168
11542 11573
11543 11544
11543 11571
11543 11573
11543 11575
11544 11170
11544 11545
11544 11547
11545 11201
11545 11546
11546 11547
11547 11571
11166 11167
11166 11169
11166 11170
11166 11172
11167 11168
11167 11391
11168 11169
11168 11574
11168 14426
11168 14427
11168 14779
11423 14653
11171 11170
11171 11172
11171 11173
11171 11175
11170 11201
11172 11204
11172 11391
11174 11173
11174 11175
11175 11201
11173 11204
11571 11579
11573 11574
11573 11576
11574 14810
11575 11576
11575 11579
11576 11589
11576 14810
11576 14811
14649 14426
14649 14430
14778 14427
14778 14428
14778 14779
14778 14780
14779 14810
11578 11579
14650 14430
14650 14651
14650 14653
14652 14651
14652 14653
14781 14428
14781 14780
14781 14782
14781 14784
14783 14782
14783 14784
11589 14812
14782 14459
14784 14808
14808 14780
14808 14814
14425 14426
14425 14427
14425 14428
14425 14430
14810 14780
14429 14428
14429 14430
14429 14431
14429 14433
14811 14780
14811 14812
14811 14814
14813 14812
14813 14814
14432 14431
14432 14433
14431 14462
14428 14459
14433 14459
14430 14462
14651 14462
