20224 20154
20224 20220
20224 20223
20234 20221
20234 20222
20234 20372
20368 20219
20368 20221
20368 20369
20368 20370
20369 20142
20369 23615
20370 20371
20370 20382
20370 23615
20370 23616
20371 20221
20371 20372
20371 20374
20372 20373
20373 20374
20374 20382
20250 20143
20250 20144
20250 20251
20250 20253
20251 20142
20251 23515
20252 20144
20252 20253
20252 20254
20252 20256
20253 20266
20253 23515
20253 23516
20382 23619
20255 20254
20255 20256
20256 20151
20254 20266
20135 20147
20135 20148
20266 23517
20140 20141
20140 20143
20140 20144
20140 20146
20141 20142
20141 20218
20142 20143
20142 20219
20142 23407
20142 23408
20142 23484
20144 20145
20144 20151
20145 20146
20145 20147
20145 20148
20146 20154
20146 20218
20146 20220
20147 20154
20148 20151
23483 23407
23483 23411
23483 23484
23483 23486
23484 23615
23485 23411
23485 23486
23485 23487
23485 23489
23486 23499
23486 23615
23486 23616
23488 23487
23488 23489
23616 23617
23616 23619
23618 23617
23618 23619
23419 23411
23419 23412
23419 23489
23487 23499
23617 23499
23515 23408
23515 23409
23516 23409
23516 23517
23516 23519
23517 23518
23518 23519
23519 23416
23401 23412
23401 23413
23406 23407
23406 23408
23406 23409
23406 23411
23409 23410
23409 23416
23410 23411
23410 23412
23410 23413
23413 23416
20218 20219
20218 20221
20220 20221
20220 20222
20222 20223
