19968 19960
19968 19961
19968 20038
20418 20198
20418 20417
20418 20419
19961 19949
19961 19959
19962 19949
19962 19959
19962 19965
20414 20162
20414 20166
20414 20415
20414 20416
20415 19956
20415 20446
20032 19955
20032 19960
20032 20033
20032 20035
20161 20162
20161 20163
20161 20164
20161 20166
20162 19956
20033 19956
20033 20446
20163 19956
20163 20303
20417 20166
20417 20416
20417 20420
20419 20420
20034 19960
20034 20035
20034 20036
20034 20038
20037 20036
20037 20038
20165 20164
20165 20166
20165 20167
20165 20169
20168 20167
20168 20169
19959 19958
19959 19960
20036 20048
20164 20195
20164 20303
20164 20306
20169 20195
20303 20304
20303 20305
20304 19956
20304 20336
20048 20035
20048 20448
20306 20305
20306 20307
20306 20309
20305 20334
20305 20336
20305 20337
20308 20307
20308 20309
20307 20195
20416 20444
20416 20446
20416 20447
20420 20444
20309 20334
20166 20198
20167 20198
20444 20450
20446 20035
20447 20035
20447 20448
20447 20450
20449 20448
20449 20450
20070 19957
20070 19958
20070 20071
20070 20073
20071 19956
20071 20336
20072 19958
20072 20073
20072 20074
20072 20076
20073 20086
20073 20336
20073 20337
20075 20074
20075 20076
20076 19965
20334 20340
20074 20086
20337 20338
20337 20340
19954 19955
19954 19957
19954 19958
19954 19960
19955 19956
19956 19957
20339 20338
20339 20340
20086 20338
19958 19965
