1281 1279
1285 1279
1303 1279
1303 1305
1306 1279
1306 1308
1355 1353
1357 1353
1361 1308
1361 1353
1362 1353
1362 1364
1393 1391
1395 1391
1399 1305
1399 1391
1400 1391
1400 1402
1459 1457
1459 1462
1475 1462
1475 1477
1481 1457
1481 1483
1490 1488
1492 1488
1495 1483
1495 1488
1496 1402
1496 1488
1505 1503
1507 1503
1511 1477
1511 1503
1512 1503
1512 1514
1575 1573
1575 1578
1591 1578
1591 1593
1597 1573
1597 1599
1606 1604
1608 1604
1611 1599
1611 1604
1612 1364
1612 1604
1621 1619
1623 1619
1627 1593
1627 1619
1628 1619
1628 1630
1998 1996
2002 1996
2020 1996
2020 2022
2023 1996
2023 2025
2072 2070
2074 2070
2078 2025
2078 2070
2079 2070
2079 2081
2110 2108
2112 2108
2116 2022
2116 2108
2117 2108
2117 2119
2176 2174
2176 2179
2192 2179
2192 2194
2198 2174
2198 2200
2207 2205
2209 2205
2212 2200
2212 2205
2213 2119
2213 2205
2222 2220
2224 2220
2228 2194
2228 2220
2229 2220
2229 2231
2292 2290
2292 2295
2308 2295
2308 2310
2314 2290
2314 2316
2323 2321
2325 2321
2328 2316
2328 2321
2329 2081
2329 2321
2338 2336
2340 2336
2344 2310
2344 2336
2345 2336
2345 2347
2662 2656
2662 2661
2678 2661
2678 2680
2684 2656
2684 2686
2732 2730
2734 2730
2738 2686
2738 2730
2739 2730
2739 2741
2751 2749
2753 2749
2757 2680
2757 2749
2758 2749
2758 2760
3079 3077
3079 3082
3094 3082
3094 3096
3100 3077
3100 3102
3109 3107
3111 3107
3114 3102
3114 3107
3115 2760
3115 3107
3122 3120
3124 3120
3127 3096
3127 3120
3128 2231
3128 3120
3279 3277
3279 3282
3294 3282
3294 3296
3300 3277
3300 3302
3309 3307
3311 3307
3314 3302
3314 3307
3315 2741
3315 3307
3322 3320
3324 3320
3327 3296
3327 3320
3328 1514
3328 3320
4594 4592
4598 4592
4616 4592
4616 4618
4619 4592
4619 4621
4668 4666
4670 4666
4674 4621
4674 4666
4675 4666
4675 4677
4706 4704
4708 4704
4712 4618
4712 4704
4713 4704
4713 4715
4772 4770
4772 4775
4788 4775
4788 4790
4794 4770
4794 4796
4803 4801
4805 4801
4808 4796
4808 4801
4809 4715
4809 4801
4818 4816
4820 4816
4824 4790
4824 4816
4825 4816
4825 4827
4888 4886
4888 4891
4904 4891
4904 4906
4910 4886
4910 4912
4919 4917
4921 4917
4924 4912
4924 4917
4925 4677
4925 4917
4934 4932
4936 4932
4940 4906
4940 4932
4941 4932
4941 4943
5298 5296
5302 5296
5320 5296
5320 5322
5323 5296
5323 5325
5371 5369
5373 5369
5377 5325
5377 5369
5378 5369
5378 5380
5409 5407
5411 5407
5415 5322
5415 5407
5416 5407
5416 5418
5475 5473
5475 5478
5491 5478
5491 5493
5497 5473
5497 5499
5506 5504
5508 5504
5511 5499
5511 5504
5512 5418
5512 5504
5521 5519
5523 5519
5527 5493
5527 5519
5528 5519
5528 5530
5586 5584
5586 5589
5601 5589
5601 5603
5607 5584
5607 5609
5616 5614
5618 5614
5621 5609
5621 5614
5622 5380
5622 5614
5629 5627
5631 5627
5634 5603
5634 5627
5635 2347
5635 5627
5934 5928
5934 5933
5950 5933
5950 5952
5956 5928
5956 5958
6004 6002
6006 6002
6010 5958
6010 6002
6011 6002
6011 6013
6023 6021
6025 6021
6029 5952
6029 6021
6030 6021
6030 6032
6351 6349
6351 6354
6366 6354
6366 6368
6372 6349
6372 6374
6381 6379
6383 6379
6386 6374
6386 6379
6387 6032
6387 6379
6394 6392
6396 6392
6399 6368
6399 6392
6400 5530
6400 6392
6551 6549
6551 6554
6566 6554
6566 6568
6572 6549
6572 6574
6581 6579
6583 6579
6586 6574
6586 6579
6587 6013
6587 6579
6594 6592
6596 6592
6599 6568
6599 6592
6600 4827
6600 6592
7853 7851
7857 7851
7875 7851
7875 7877
7878 7851
7878 7880
7926 7924
7928 7924
7932 7880
7932 7924
7933 7924
7933 7935
7964 7962
7966 7962
7970 7877
7970 7962
7971 7962
7971 7973
8030 8028
8030 8033
8046 8033
8046 8048
8052 8028
8052 8054
8061 8059
8063 8059
8066 8054
8066 8059
8067 7973
8067 8059
8076 8074
8078 8074
8082 8048
8082 8074
8083 8074
8083 8085
8141 8139
8141 8144
8156 8144
8156 8158
8162 8139
8162 8164
8171 8169
8173 8169
8176 8164
8176 8169
8177 7935
8177 8169
8184 8182
8186 8182
8189 8158
8189 8182
8190 4943
8190 8182
8542 8540
8546 8540
8564 8540
8564 8566
8567 8540
8567 8569
8616 8614
8618 8614
8622 8569
8622 8614
8623 8614
8623 8625
8654 8652
8656 8652
8660 8566
8660 8652
8661 8652
8661 8663
8720 8718
8720 8723
8736 8723
8736 8738
8742 8718
8742 8744
8751 8749
8753 8749
8756 8744
8756 8749
8757 8663
8757 8749
8766 8764
8768 8764
8772 8738
8772 8764
8773 8764
8773 8775
8836 8834
8836 8839
8852 8839
8852 8854
8858 8834
8858 8860
8867 8865
8869 8865
8872 8860
8872 8865
8873 8625
8873 8865
8882 8880
8884 8880
8888 8854
8888 8880
8889 8880
8889 8891
9206 9200
9206 9205
9222 9205
9222 9224
9228 9200
9228 9230
9276 9274
9278 9274
9282 9230
9282 9274
9283 9274
9283 9285
9295 9293
9297 9293
9301 9224
9301 9293
9302 9293
9302 9304
9623 9621
9623 9626
9638 9626
9638 9640
9644 9621
9644 9646
9653 9651
9655 9651
9658 9646
9658 9651
9659 9304
9659 9651
9666 9664
9668 9664
9671 9640
9671 9664
9672 8775
9672 9664
9823 9821
9823 9826
9838 9826
9838 9840
9844 9821
9844 9846
9853 9851
9855 9851
9858 9846
9858 9851
9859 9285
9859 9851
9866 9864
9868 9864
9871 9840
9871 9864
9872 8085
9872 9864
11138 11136
11142 11136
11160 11136
11160 11162
11163 11136
11163 11165
11212 11210
11214 11210
11218 11165
11218 11210
11219 11210
11219 11221
11250 11248
11252 11248
11256 11162
11256 11248
11257 11248
11257 11259
11316 11314
11316 11319
11332 11319
11332 11334
11338 11314
11338 11340
11347 11345
11349 11345
11352 11340
11352 11345
11353 11259
11353 11345
11362 11360
11364 11360
11368 11334
11368 11360
11369 11360
11369 11371
11432 11430
11432 11435
11448 11435
11448 11450
11454 11430
11454 11456
11463 11461
11465 11461
11468 11456
11468 11461
11469 11221
11469 11461
11478 11476
11480 11476
11484 11450
11484 11476
11485 11476
11485 11487
11842 11840
11846 11840
11864 11840
11864 11866
11867 11840
11867 11869
11915 11913
11917 11913
11921 11869
11921 11913
11922 11913
11922 11924
11953 11951
11955 11951
11959 11866
11959 11951
11960 11951
11960 11962
12019 12017
12019 12022
12035 12022
12035 12037
12041 12017
12041 12043
12050 12048
12052 12048
12055 12043
12055 12048
12056 11962
12056 12048
12065 12063
12067 12063
12071 12037
12071 12063
12072 12063
12072 12074
12130 12128
12130 12133
12145 12133
12145 12147
12151 12128
12151 12153
12160 12158
12162 12158
12165 12153
12165 12158
12166 11924
12166 12158
12173 12171
12175 12171
12178 12147
12178 12171
12179 8891
12179 12171
12478 12472
12478 12477
12494 12477
12494 12496
12500 12472
12500 12502
12548 12546
12550 12546
12554 12502
12554 12546
12555 12546
12555 12557
12567 12565
12569 12565
12573 12496
12573 12565
12574 12565
12574 12576
12895 12893
12895 12898
12910 12898
12910 12912
12916 12893
12916 12918
12925 12923
12927 12923
12930 12918
12930 12923
12931 12576
12931 12923
12938 12936
12940 12936
12943 12912
12943 12936
12944 12074
12944 12936
13095 13093
13095 13098
13110 13098
13110 13112
13116 13093
13116 13118
13125 13123
13127 13123
13130 13118
13130 13123
13131 12557
13131 13123
13138 13136
13140 13136
13143 13112
13143 13136
13144 11371
13144 13136
14397 14395
14401 14395
14419 14395
14419 14421
14422 14395
14422 14424
14470 14468
14472 14468
14476 14424
14476 14468
14477 14468
14477 14479
14508 14506
14510 14506
14514 14421
14514 14506
14515 14506
14515 14517
14574 14572
14574 14577
14590 14577
14590 14592
14596 14572
14596 14598
14605 14603
14607 14603
14610 14598
14610 14603
14611 14517
14611 14603
14620 14618
14622 14618
14626 14592
14626 14618
14627 14618
14627 14629
14685 14683
14685 14688
14700 14688
14700 14702
14706 14683
14706 14708
14715 14713
14717 14713
14720 14708
14720 14713
14721 14479
14721 14713
14728 14726
14730 14726
14733 14702
14733 14726
14734 11487
14734 14726
15086 15084
15090 15084
15108 15084
15108 15110
15111 15084
15111 15113
15160 15158
15162 15158
15166 15113
15166 15158
15167 15158
15167 15169
15198 15196
15200 15196
15204 15110
15204 15196
15205 15196
15205 15207
15264 15262
15264 15267
15280 15267
15280 15282
15286 15262
15286 15288
15295 15293
15297 15293
15300 15288
15300 15293
15301 15207
15301 15293
15310 15308
15312 15308
15316 15282
15316 15308
15317 15308
15317 15319
15380 15378
15380 15383
15396 15383
15396 15398
15402 15378
15402 15404
15411 15409
15413 15409
15416 15404
15416 15409
15417 15169
15417 15409
15426 15424
15428 15424
15432 15398
15432 15424
15433 15424
15433 15435
15750 15744
15750 15749
15766 15749
15766 15768
15772 15744
15772 15774
15820 15818
15822 15818
15826 15774
15826 15818
15827 15818
15827 15829
15839 15837
15841 15837
15845 15768
15845 15837
15846 15837
15846 15848
16167 16165
16167 16170
16182 16170
16182 16184
16188 16165
16188 16190
16197 16195
16199 16195
16202 16190
16202 16195
16203 15848
16203 16195
16210 16208
16212 16208
16215 16184
16215 16208
16216 15319
16216 16208
16367 16365
16367 16370
16382 16370
16382 16384
16388 16365
16388 16390
16397 16395
16399 16395
16402 16390
16402 16395
16403 15829
16403 16395
16410 16408
16412 16408
16415 16384
16415 16408
16416 14629
16416 16408
17682 17680
17686 17680
17704 17680
17704 17706
17707 17680
17707 17709
17756 17754
17758 17754
17762 17709
17762 17754
17763 17754
17763 17765
17794 17792
17796 17792
17800 17706
17800 17792
17801 17792
17801 17803
17860 17858
17860 17863
17876 17863
17876 17878
17882 17858
17882 17884
17891 17889
17893 17889
17896 17884
17896 17889
17897 17803
17897 17889
17906 17904
17908 17904
17912 17878
17912 17904
17913 17904
17913 17915
17976 17974
17976 17979
17992 17979
17992 17994
17998 17974
17998 18000
18007 18005
18009 18005
18012 18000
18012 18005
18013 17765
18013 18005
18022 18020
18024 18020
18028 17994
18028 18020
18029 18020
18029 18031
18386 18384
18390 18384
18408 18384
18408 18410
18411 18384
18411 18413
18459 18457
18461 18457
18465 18413
18465 18457
18466 18457
18466 18468
18497 18495
18499 18495
18503 18410
18503 18495
18504 18495
18504 18506
18563 18561
18563 18566
18579 18566
18579 18581
18585 18561
18585 18587
18594 18592
18596 18592
18599 18587
18599 18592
18600 18506
18600 18592
18609 18607
18611 18607
18615 18581
18615 18607
18616 18607
18616 18618
18674 18672
18674 18677
18689 18677
18689 18691
18695 18672
18695 18697
18704 18702
18706 18702
18709 18697
18709 18702
18710 18468
18710 18702
18717 18715
18719 18715
18722 18691
18722 18715
18723 15435
18723 18715
19022 19016
19022 19021
19038 19021
19038 19040
19044 19016
19044 19046
19092 19090
19094 19090
19098 19046
19098 19090
19099 19090
19099 19101
19111 19109
19113 19109
19117 19040
19117 19109
19118 19109
19118 19120
19439 19437
19439 19442
19454 19442
19454 19456
19460 19437
19460 19462
19469 19467
19471 19467
19474 19462
19474 19467
19475 19120
19475 19467
19482 19480
19484 19480
19487 19456
19487 19480
19488 18618
19488 19480
19639 19637
19639 19642
19654 19642
19654 19656
19660 19637
19660 19662
19669 19667
19671 19667
19674 19662
19674 19667
19675 19101
19675 19667
19682 19680
19684 19680
19687 19656
19687 19680
19688 17915
19688 19680
20941 20939
20945 20939
20963 20939
20963 20965
20966 20939
20966 20968
21014 21012
21016 21012
21020 20968
21020 21012
21021 21012
21021 21023
21052 21050
21054 21050
21058 20965
21058 21050
21059 21050
21059 21061
21118 21116
21118 21121
21134 21121
21134 21136
21140 21116
21140 21142
21149 21147
21151 21147
21154 21142
21154 21147
21155 21061
21155 21147
21164 21162
21166 21162
21170 21136
21170 21162
21171 21162
21171 21173
21229 21227
21229 21232
21244 21232
21244 21246
21250 21227
21250 21252
21259 21257
21261 21257
21264 21252
21264 21257
21265 21023
21265 21257
21272 21270
21274 21270
21277 21246
21277 21270
21278 18031
21278 21270
21630 21628
21634 21628
21652 21628
21652 21654
21655 21628
21655 21657
21704 21702
21706 21702
21710 21657
21710 21702
21711 21702
21711 21713
21742 21740
21744 21740
21748 21654
21748 21740
21749 21740
21749 21751
21808 21806
21808 21811
21824 21811
21824 21826
21830 21806
21830 21832
21839 21837
21841 21837
21844 21832
21844 21837
21845 21751
21845 21837
21854 21852
21856 21852
21860 21826
21860 21852
21861 21852
21861 21863
21924 21922
21924 21927
21940 21927
21940 21942
21946 21922
21946 21948
21955 21953
21957 21953
21960 21948
21960 21953
21961 21713
21961 21953
21970 21968
21972 21968
21976 21942
21976 21968
21977 21968
21977 21979
22294 22288
22294 22293
22310 22293
22310 22312
22316 22288
22316 22318
22364 22362
22366 22362
22370 22318
22370 22362
22371 22362
22371 22373
22383 22381
22385 22381
22389 22312
22389 22381
22390 22381
22390 22392
22711 22709
22711 22714
22726 22714
22726 22728
22732 22709
22732 22734
22741 22739
22743 22739
22746 22734
22746 22739
22747 22392
22747 22739
22754 22752
22756 22752
22759 22728
22759 22752
22760 21863
22760 22752
22911 22909
22911 22914
22926 22914
22926 22928
22932 22909
22932 22934
22941 22939
22943 22939
22946 22934
22946 22939
22947 22373
22947 22939
22954 22952
22956 22952
22959 22928
22959 22952
22960 21173
22960 22952
24184 24182
24188 24182
24206 24182
24206 24208
24209 24182
24209 24211
24257 24255
24259 24255
24263 24211
24263 24255
24264 24255
24264 24266
24295 24293
24297 24293
24301 24208
24301 24293
24302 24293
24302 24304
24361 24359
24361 24364
24377 24364
24377 24379
24383 24359
24383 24385
24392 24390
24394 24390
24397 24385
24397 24390
24398 24304
24398 24390
24407 24405
24409 24405
24413 24379
24413 24405
24414 24405
24414 24416
24472 24470
24472 24475
24487 24475
24487 24489
24493 24470
24493 24495
24502 24500
24504 24500
24507 24495
24507 24500
24508 24266
24508 24500
24515 24513
24517 24513
24520 24489
24520 24513
24521 1630
24521 24513
24860 24858
24864 24858
24882 24858
24882 24884
24885 24858
24885 24887
24933 24931
24935 24931
24939 24887
24939 24931
24940 24931
24940 24942
24971 24969
24973 24969
24977 24884
24977 24969
24978 24969
24978 24980
25037 25035
25037 25040
25053 25040
25053 25055
25059 25035
25059 25061
25068 25066
25070 25066
25073 25061
25073 25066
25074 24980
25074 25066
25083 25081
25085 25081
25089 25055
25089 25081
25090 25081
25090 25092
25148 25146
25148 25151
25163 25151
25163 25165
25169 25146
25169 25171
25178 25176
25180 25176
25183 25171
25183 25176
25184 24942
25184 25176
25191 25189
25193 25189
25196 25165
25196 25189
25197 21979
25197 25189
25496 25490
25496 25495
25512 25495
25512 25514
25518 25490
25518 25520
25566 25564
25568 25564
25572 25520
25572 25564
25573 25564
25573 25575
25585 25583
25587 25583
25591 25514
25591 25583
25592 25583
25592 25594
25913 25911
25913 25916
25928 25916
25928 25930
25934 25911
25934 25936
25943 25941
25945 25941
25948 25936
25948 25941
25949 25594
25949 25941
25956 25954
25958 25954
25961 25930
25961 25954
25962 25092
25962 25954
26113 26111
26113 26116
26128 26116
26128 26130
26134 26111
26134 26136
26143 26141
26145 26141
26148 26136
26148 26141
26149 25575
26149 26141
26156 26154
26158 26154
26161 26130
26161 26154
26162 24416
26162 26154
