20601 19976
20601 19980
20601 20602
20601 20603
20602 16704
20602 21293
20603 20604
20603 20633
20603 21293
20603 21294
20604 19980
20604 20605
20604 20607
20605 20012
20605 20606
20606 20607
20606 20608
20606 20613
20606 20631
20606 20634
20607 20633
20608 20609
20608 20611
20608 20612
20609 20610
20609 20631
20610 20611
20610 20626
20610 20632
20610 20699
20610 21299
20610 21300
20610 21315
20611 20625
20612 20613
20612 20623
20612 20624
20612 20625
20612 20628
20613 20614
20613 20615
20614 19991
20614 20634
20615 19991
20615 20628
20616 20617
20616 20619
20616 20620
20616 20622
20617 20618
20617 20673
20618 20619
20618 20643
20618 20644
20618 20659
20618 20665
20618 20674
20618 20689
20619 20688
20620 20621
20620 20627
20620 20688
20620 20690
20621 20622
20621 20623
20621 20624
20622 20630
20622 20673
20622 20675
20623 20630
20624 20627
20625 20626
20625 20627
20626 20698
20627 20693
20627 20698
20628 20629
20628 20630
20629 19991
20629 20680
20630 20677
20630 20680
20631 20632
20631 20633
20632 21320
20633 21297
20633 21320
20634 20011
20634 20012
20642 20643
20642 20644
20643 20664
20644 20658
20658 20659
20659 20694
20664 20665
20665 20678
20673 20674
20674 20678
20675 20676
20675 20677
20676 20024
20676 20679
20677 20024
20679 20028
20680 20024
20680 20031
20688 20689
20689 20694
20690 20691
20690 20693
20691 20692
20691 20695
20692 20693
20692 20696
20692 20698
20692 21375
20692 21376
20692 21379
20695 20696
20696 21378
20698 20699
20699 21379
16677 16678
16677 16680
16678 16679
16678 16699
16679 16680
16679 16694
16679 16700
16679 16722
16679 16723
16679 16749
16679 16768
16680 16693
16693 16694
16694 16773
16699 16700
16700 16754
16702 16703
16702 16705
16702 16706
16702 16708
16703 16704
16703 17329
16704 16705
16704 17098
16704 17330
16704 18052
16704 19976
16704 19977
16705 17097
16706 16707
16706 16737
16706 17097
16706 17100
16707 16708
16707 16709
16707 16711
16708 16740
16708 17329
16708 17332
16709 16710
16709 16740
16710 16711
16710 16712
16710 16717
16710 16735
16710 16738
16711 16737
16712 16713
16712 16715
16712 16716
16713 16714
16713 16735
16714 16715
16714 16730
16714 16736
16714 16778
16714 17110
16714 17111
16714 17125
16715 16729
16716 16717
16716 16727
16716 16728
16716 16729
16716 16732
16717 16718
16717 16720
16718 16719
16718 16738
16719 16720
16719 16733
16719 16739
16719 16759
16719 17342
16719 17343
16719 17357
16720 16732
16721 16722
16721 16723
16721 16724
16721 16726
16722 16748
16723 16767
16724 16725
16724 16731
16724 16767
16724 16769
16725 16726
16725 16727
16725 16728
16726 16734
16726 16748
16726 16750
16727 16734
16728 16731
16729 16730
16729 16731
16730 16777
16731 16772
16731 16777
16732 16733
16732 16734
16733 16758
16734 16753
16734 16758
16735 16736
16735 16737
16736 17130
16737 17101
16737 17130
16738 16739
16738 16740
16739 17362
16740 17333
16740 17362
16748 16749
16749 16754
16750 16751
16750 16753
16751 16752
16751 16755
16752 16753
16752 16756
16752 16758
16752 17404
16752 17405
16752 17408
16755 16756
16756 17407
16758 16759
16759 17408
16767 16768
16768 16773
16769 16770
16769 16772
16770 16771
16770 16774
16771 16772
16771 16775
16771 16777
16771 17172
16771 17173
16771 17176
16774 16775
16775 17175
16777 16778
16778 17176
17097 17098
17097 17099
17098 20385
17099 17100
17099 17129
17099 20385
17099 20386
17100 17101
17100 17103
17101 17102
17102 17103
17102 17104
17102 17109
17102 17127
17102 17130
17103 17129
17104 17105
17104 17107
17104 17108
17105 17106
17105 17127
17106 17107
17106 17122
17106 17128
17106 17195
17106 20391
17106 20392
17106 20407
17107 17121
17108 17109
17108 17119
17108 17120
17108 17121
17108 17124
17109 17110
17109 17111
17110 17130
17111 17124
17112 17113
17112 17115
17112 17116
17112 17118
17113 17114
17113 17169
17114 17115
17114 17139
17114 17140
17114 17155
17114 17161
17114 17170
17114 17185
17115 17184
17116 17117
17116 17123
17116 17184
17116 17186
17117 17118
17117 17119
17117 17120
17118 17126
17118 17169
17118 17171
17119 17126
17120 17123
17121 17122
17121 17123
17122 17194
17123 17189
17123 17194
17124 17125
17124 17126
17125 17176
17126 17173
17126 17176
17127 17128
17127 17129
17128 20412
17129 20389
17129 20412
17138 17139
17138 17140
17139 17160
17140 17154
17154 17155
17155 17190
17160 17161
17161 17174
17169 17170
17170 17174
17171 17172
17171 17173
17172 17175
17184 17185
17185 17190
17186 17187
17186 17189
17187 17188
17187 17191
17188 17189
17188 17192
17188 17194
17188 20467
17188 20468
17188 20471
17191 17192
17192 20470
17194 17195
17195 20471
21293 18052
21293 18054
21294 18054
21294 21295
21294 21297
21295 18084
21295 21296
21296 21297
21296 21298
21296 21302
21296 21320
21296 21321
21298 21299
21298 21300
21298 21301
21299 21320
21300 21314
21301 21302
21301 21312
21301 21313
21301 21314
21301 21317
21302 21303
21302 21304
21303 18064
21303 21321
21304 18064
21304 21317
21305 21306
21305 21308
21305 21309
21305 21311
21306 21307
21306 21359
21307 21308
21307 21330
21307 21331
21307 21345
21307 21351
21307 21360
21307 21373
21308 21372
21309 21310
21309 21316
21309 21372
21309 21374
21310 21311
21310 21312
21310 21313
21311 21319
21311 21359
21311 21361
21312 21319
21313 21316
21314 21315
21314 21316
21315 21379
21316 21376
21316 21379
21317 21318
21317 21319
21318 18064
21318 21366
21319 21363
21319 21366
21321 18083
21321 18084
21329 21330
21329 21331
21330 21350
21331 21344
21344 21345
21345 21377
21350 21351
21351 21364
21359 21360
21360 21364
21361 21362
21361 21363
21362 18128
21362 21365
21363 18128
21365 18132
21366 18128
21366 18135
21372 21373
21373 21377
21374 21375
21374 21376
21375 21378
17329 17330
17329 17331
17330 18051
17331 17332
17331 17361
17331 18051
17331 18053
17332 17333
17332 17335
17333 17334
17334 17335
17334 17336
17334 17341
17334 17359
17334 17362
17335 17361
17336 17337
17336 17339
17336 17340
17337 17338
17337 17359
17338 17339
17338 17354
17338 17360
17338 17427
17338 18059
17338 18060
17338 18076
17339 17353
17340 17341
17340 17351
17340 17352
17340 17353
17340 17356
17341 17342
17341 17343
17342 17362
17343 17356
17344 17345
17344 17347
17344 17348
17344 17350
17345 17346
17345 17401
17346 17347
17346 17371
17346 17372
17346 17387
17346 17393
17346 17402
17346 17417
17347 17416
17348 17349
17348 17355
17348 17416
17348 17418
17349 17350
17349 17351
17349 17352
17350 17358
17350 17401
17350 17403
17351 17358
17352 17355
17353 17354
17353 17355
17354 17426
17355 17421
17355 17426
17356 17357
17356 17358
17357 17408
17358 17405
17358 17408
17359 17360
17359 17361
17360 18081
17361 18057
17361 18081
17370 17371
17370 17372
17371 17392
17372 17386
17386 17387
17387 17422
17392 17393
17393 17406
17401 17402
17402 17406
17403 17404
17403 17405
17404 17407
17416 17417
17417 17422
17418 17419
17418 17421
17419 17420
17419 17423
17420 17421
17420 17424
17420 17426
17420 18144
17420 18145
17420 18148
17423 17424
17424 18147
17426 17427
17427 18148
19950 19951
19950 19953
19951 19952
19951 19972
19952 19953
19952 19967
19952 19973
19952 19994
19952 19995
19952 20021
19952 20040
19953 19966
19966 19967
19967 20045
19972 19973
19973 20026
19975 19976
19975 19977
19975 19978
19975 19980
19977 20385
19978 19979
19978 20009
19978 20385
19978 20386
19979 19980
19979 19981
19979 19983
19980 20012
19981 19982
19981 20012
19982 19983
19982 19984
19982 19989
19982 20007
19982 20010
19983 20009
19984 19985
19984 19987
19984 19988
19985 19986
19985 20007
19986 19987
19986 20002
19986 20008
19986 20050
19986 20395
19986 20396
19986 20410
19987 20001
19988 19989
19988 19999
19988 20000
19988 20001
19988 20004
19989 19990
19989 19992
19990 19991
19990 20010
19991 19992
19991 20005
19991 20011
19991 20031
19992 20004
19993 19994
19993 19995
19993 19996
19993 19998
19994 20020
19995 20039
19996 19997
19996 20003
19996 20039
19996 20041
19997 19998
19997 19999
19997 20000
19998 20006
19998 20020
19998 20022
19999 20006
20000 20003
20001 20002
20001 20003
20002 20049
20003 20044
20003 20049
20004 20005
20004 20006
20005 20030
20006 20025
20006 20030
20007 20008
20007 20009
20008 20413
20009 20387
20009 20413
20010 20011
20010 20012
20020 20021
20021 20026
20022 20023
20022 20025
20023 20024
20023 20027
20024 20025
20024 20028
20024 20030
20027 20028
20030 20031
20039 20040
20040 20045
20041 20042
20041 20044
20042 20043
20042 20046
20043 20044
20043 20047
20043 20049
20043 20454
20043 20455
20043 20458
20046 20047
20047 20457
20049 20050
20050 20458
18051 18052
18051 18054
18053 18054
18053 18055
18053 18057
18054 18084
18055 18056
18055 18084
18056 18057
18056 18058
18056 18062
18056 18081
18056 18082
18058 18059
18058 18060
18058 18061
18059 18081
18060 18075
18061 18062
18061 18073
18061 18074
18061 18075
18061 18078
18062 18063
18062 18065
18063 18064
18063 18082
18064 18065
18064 18079
18064 18083
18064 18135
18065 18078
18066 18067
18066 18069
18066 18070
18066 18072
18067 18068
18067 18124
18068 18069
18068 18093
18068 18094
18068 18108
18068 18114
18068 18125
18068 18142
18069 18141
18070 18071
18070 18077
18070 18141
18070 18143
18071 18072
18071 18073
18071 18074
18072 18080
18072 18124
18072 18126
18073 18080
18074 18077
18075 18076
18075 18077
18076 18148
18077 18145
18077 18148
18078 18079
18078 18080
18079 18134
18080 18129
18080 18134
18082 18083
18082 18084
18092 18093
18092 18094
18093 18113
18094 18107
18107 18108
18108 18146
18113 18114
18114 18130
18124 18125
18125 18130
18126 18127
18126 18129
18127 18128
18127 18131
18128 18129
18128 18132
18128 18134
18131 18132
18134 18135
18141 18142
18142 18146
18143 18144
18143 18145
18144 18147
20386 20387
20386 20389
20387 20388
20388 20389
20388 20390
20388 20394
20388 20412
20388 20413
20390 20391
20390 20392
20390 20393
20391 20412
20392 20406
20393 20394
20393 20404
20393 20405
20393 20406
20393 20409
20394 20395
20394 20396
20395 20413
20396 20409
20397 20398
20397 20400
20397 20401
20397 20403
20398 20399
20398 20451
20399 20400
20399 20422
20399 20423
20399 20437
20399 20443
20399 20452
20399 20465
20400 20464
20401 20402
20401 20408
20401 20464
20401 20466
20402 20403
20402 20404
20402 20405
20403 20411
20403 20451
20403 20453
20404 20411
20405 20408
20406 20407
20406 20408
20407 20471
20408 20468
20408 20471
20409 20410
20409 20411
20410 20458
20411 20455
20411 20458
20421 20422
20421 20423
20422 20442
20423 20436
20436 20437
20437 20469
20442 20443
20443 20456
20451 20452
20452 20456
20453 20454
20453 20455
20454 20457
20464 20465
20465 20469
20466 20467
20466 20468
20467 20470
