19081 19079
19081 19431
17644 17646
17644 17650
17644 17669
17644 17670
16439 16441
16439 16446
16439 16465
16439 16468
17851 17849
17851 19630
18527 18529
18527 18534
18527 18552
18527 18555
16470 16468
16470 17669
17672 17670
17672 17852
16467 16465
16467 18373
19054 19056
19054 19061
19054 19079
19054 19082
18554 18552
18554 19430
17824 17826
17824 17831
17824 17849
17824 17852
19084 19082
19084 19631
18348 18350
18348 18354
18348 18373
18348 18374
19406 19408
19406 19412
19406 19430
19406 19431
18376 18374
18376 18555
19606 19608
19606 19612
19606 19630
19606 19631
