6594 6592
6596 6592
6599 6568
6599 6592
6600 4827
6600 6592
6394 6392
6396 6392
6400 5530
6400 6392
6399 6368
6399 6392
6381 6379
6386 6374
6386 6379
6387 6032
6387 6379
6383 6379
3525 3523
4772 4770
4772 4775
3527 3523
3531 3412
3531 3523
3532 3523
3532 3534
3506 3504
4788 4775
4788 4790
3508 3504
3512 3418
3512 3504
3513 3504
3513 3515
4794 4770
4794 4796
5298 5296
5298 5301
5320 5296
5320 5322
5314 5301
5314 5316
4803 4801
5934 5928
5934 5933
4805 4801
4808 4796
4808 4801
4809 4715
4809 4801
4818 4816
5950 5933
5950 5952
4820 4816
4824 4790
4824 4816
4825 4816
4825 4827
5956 5928
5956 5958
5426 5424
4594 4592
4594 4597
5428 5424
5431 5316
5431 5424
5432 3534
5432 5424
5409 5407
5411 5407
4610 4597
4610 4612
5415 5322
5415 5407
5416 5407
5416 5418
4616 4592
4616 4618
6004 6002
6006 6002
6010 5958
6010 6002
6011 6002
6011 6013
6023 6021
6025 6021
6029 5952
6029 6021
6030 6021
6030 6032
5475 5473
5475 5478
5497 5473
5497 5499
5491 5478
5491 5493
4706 4704
6551 6549
6551 6554
4708 4704
4712 4618
4712 4704
4713 4704
4713 4715
4723 4721
4725 4721
6566 6554
6566 6568
4728 4612
4728 4721
6572 6549
6572 6574
4729 3515
4729 4721
6351 6349
6351 6354
6372 6349
6372 6374
6366 6354
6366 6368
5521 5519
5523 5519
5527 5493
5527 5519
5528 5519
5528 5530
3393 3391
3393 3396
5506 5504
5508 5504
5511 5499
5511 5504
5512 5418
5512 5504
3416 3391
3416 3418
6581 6579
3410 3396
3410 3412
6583 6579
6586 6574
6586 6579
6587 6013
6587 6579
