8284 8282
8286 8282
8289 8258
8289 8282
8290 7609
8290 8282
4313 4311
4315 4311
4319 3669
4319 4311
4318 4306
4318 4311
4328 4326
4334 4300
4334 4326
4335 4326
4335 4337
4330 4326
7376 7374
7554 7552
7554 7557
7378 7374
7381 7350
7381 7374
7382 4105
7382 7374
7363 7361
7570 7557
7570 7572
7365 7361
7368 7356
7368 7361
7369 6960
7369 7361
7576 7552
7576 7578
4050 4048
4050 4053
4072 4048
4072 4074
4066 4053
4066 4068
7585 7583
5004 5002
5004 5007
7587 7583
7590 7578
7590 7583
7591 6941
7591 7583
7600 7598
5019 5007
5019 5021
7602 7598
7606 7572
7606 7598
7607 7598
7607 7609
5025 5002
5025 5027
4096 4094
6862 6856
6862 6861
4098 4094
4102 4068
4102 4094
4103 4094
4103 4105
4081 4079
4083 4079
6878 6861
6878 6880
4086 4074
4086 4079
4087 3688
4087 4079
6884 6856
6884 6886
5036 5034
5038 5034
5042 5027
5042 5034
5043 5034
5043 5045
5053 5051
5055 5051
5058 5021
5058 5051
5059 4337
5059 5051
3589 3583
3589 3588
3605 3588
3605 3607
3611 3583
3611 3613
6932 6930
8241 8239
8241 8244
6934 6930
6938 6886
6938 6930
6939 6930
6939 6941
6951 6949
6953 6949
8256 8244
8256 8258
6957 6880
6957 6949
8262 8239
8262 8264
6958 6949
6958 6960
4282 4280
4282 4285
4298 4285
4298 4300
4304 4280
4304 4306
3660 3658
3662 3658
3666 3613
3666 3658
3667 3658
3667 3669
7333 7331
7333 7336
3679 3677
3681 3677
3685 3607
3685 3677
3686 3677
3686 3688
7354 7331
7354 7356
8271 8269
7348 7336
7348 7350
8273 8269
8276 8264
8276 8269
8277 5045
8277 8269
