19705
22675
20898
21767
21077
21587
22875
22319
19703
22321
19704
21768
20899
21588
21078
22320
19706
21770
21109
21772
21589
21592
22353
20900
20903
21620
21799
19739
22876
22878
22676
20931
22678
22356
19708
19711
21080
21082
19742
22323
22326
21590
22879
21771
19707
21593
22677
20901
20902
21591
21773
19712
22324
22877
21769
21081
22679
22325
19709
19710
21079
21083
20904
22322
22327
19866
19868
19870
19872
19873
19877
21854
21856
20906
21858
20908
21861
20910
21860
20912
21865
20913
20915
20907
20918
21839
20923
20924
21746
20926
21844
20927
21845
20930
21841
21753
22941
20941
22943
22368
22946
22947
22375
22954
20957
22956
22959
22960
20963
22329
22331
22332
22334
22336
22337
22296
22341
22346
22347
22349
22350
22352
21599
21601
21597
21595
21596
21602
21604
22294
21607
21615
21616
21612
21613
19738
22310
22316
21052
21630
21054
21056
21058
21059
21063
21069
21652
21071
21074
21075
21646
21085
21087
21088
21090
21091
21092
21094
21097
21102
21103
21105
21106
21108
22364
21118
22366
22370
22371
22383
22385
21134
22387
22389
22390
21140
22394
21759
21761
19889
21764
21765
19896
21742
21744
21748
21749
22685
22686
22683
22681
22682
22687
22689
22692
22700
22701
22697
22698
19719
19721
19717
22711
19716
19714
19722
19724
19727
19735
19736
19732
22732
19733
19741
22726
21149
19753
21151
21154
21155
21780
21781
21778
21164
21166
21775
21777
21782
19776
21784
21170
21168
21787
19770
21171
21175
21795
21796
21792
21793
21619
21798
21808
22881
22882
22883
22885
22886
22887
22889
22892
21830
22897
22898
21824
22900
22901
22355
22754
22756
22759
22760
22911
22741
22743
22746
22747
22926
19885
22932
19887
19891
19892
19867
19869
19871
19777
19874
19876
21786
21857
20905
21859
20909
21862
20911
21855
20925
22761
20914
20916
20922
20917
21840
21076
20921
21843
21062
21831
20920
21750
20929
21842
21846
22893
20942
22944
22945
22942
22372
22374
22955
20943
22958
22927
22957
20964
22351
22330
22328
22354
22333
22338
22339
22340
22345
22344
22348
22343
22703
21598
21614
21594
19715
21611
21605
21603
22295
21608
21752
21609
21766
21610
21617
22297
22317
20919
21632
21055
21057
21053
21060
21156
21070
21631
21073
20958
21072
21647
21107
21086
21084
21110
21089
21093
21095
21096
21101
21100
21104
21099
22902
22342
21119
22369
22365
22367
22384
22386
21120
22388
22311
22391
21141
22393
21606
21762
21763
21760
19893
19895
21743
21747
21653
21745
22684
22699
22695
22702
22680
22690
22688
22693
22748
22694
21776
22696
19740
19720
19718
22713
19713
19737
19725
19723
19728
19734
19729
19731
22712
19730
20928
22727
21098
19755
21153
21150
21152
21800
21600
21779
21165
21167
21774
21791
21785
19754
21783
21135
21169
21788
19771
21172
21174
21794
21789
21864
21790
21618
21797
21810
22880
22896
22884
22335
22899
22888
22890
22891
21809
22961
22895
21825
22948
22894
22903
22691
22758
22755
22757
22912
22742
22745
22733
22744
22913
19726
22933
19890
19886
19888
