7169 7167
7171 7167
7175 7063
7175 7167
7176 7167
7176 7178
549 547
551 547
556 547
556 558
555 462
555 547
568 566
574 456
574 566
575 566
575 577
570 566
16972 16970
10317 10315
10317 10320
16974 16970
16978 16885
16978 16970
16979 16970
16979 16981
16989 16987
10333 10320
10333 10335
16991 16987
16994 16879
16994 16987
16995 13722
16995 16987
10339 10315
10339 10341
20132 20130
20132 20135
20149 20135
20149 20151
20155 20130
20155 20157
10428 10426
3773 3771
3773 3776
10430 10426
10434 10341
10434 10426
10435 10426
10435 10437
10445 10443
3789 3776
3789 3791
10447 10443
10450 10335
10450 10443
10451 7178
10451 10443
3795 3771
3795 3797
20242 20240
13588 13586
13588 13591
20244 20240
20247 20157
20247 20240
20248 16981
20248 20240
20257 20255
20259 20255
13605 13591
13605 13607
20263 20151
20263 20255
20264 20255
20264 20266
13611 13586
13611 13613
3884 3882
3886 3882
3890 3797
3890 3882
3891 3882
3891 3893
3901 3899
3903 3899
3906 3791
3906 3899
3907 577
3907 3899
23398 23396
23398 23401
23414 23401
23414 23416
23420 23396
23420 23422
13698 13696
7044 7042
7044 7047
13700 13696
13703 13613
13703 13696
13704 10437
13704 13696
13713 13711
13715 13711
7061 7047
7061 7063
13719 13607
13719 13711
7067 7042
7067 7069
13720 13711
13720 13722
437 435
437 440
454 440
454 456
460 435
460 462
23507 23505
23509 23505
23512 23422
23512 23505
23513 558
23513 23505
16861 16859
16861 16864
23520 23518
23522 23518
23525 23416
23525 23518
23526 20266
23526 23518
16877 16864
16877 16879
7154 7152
16883 16859
16883 16885
7156 7152
7159 7069
7159 7152
7160 3893
7160 7152
