14089 14059
14089 14063
14089 14753
13841 10554
13841 10555
13841 13433
13841 13434
13842 10555
13842 13434
13842 13843
13842 13845
13843 13465
13843 13844
11540 11510
11540 11511
11540 14751
13844 13845
13845 10585
13465 13434
13465 13439
13468 13436
13468 13437
13468 14061
14749 11508
14749 11510
14749 14058
14749 14059
14750 11510
14750 14059
14750 14751
14750 14753
14751 14752
14752 14753
10785 10159
10785 10164
10785 10786
10785 10787
10786 10160
10786 11507
10787 10788
10787 10817
10787 11507
10787 11509
10788 10164
10788 10789
10788 10791
10789 10196
10789 10790
10790 10791
10791 10817
10158 10159
10158 10161
10158 10162
10158 10164
10159 10160
10160 10161
10160 10554
10160 11508
10160 13432
10160 13433
10160 14058
10161 10553
10162 10163
10162 10193
10162 10553
10162 10556
10163 10164
10163 10165
10163 10167
10164 10196
10165 10166
10165 10196
10166 10167
10167 10193
10553 10554
10553 10555
11511 11509
11511 11512
10556 10555
10556 10557
10556 10559
10557 10193
10557 10558
10558 10559
10559 10585
11512 11513
10817 11513
10555 10585
11513 11509
14057 13432
14057 13436
14057 14058
14057 14059
14059 14060
14060 13436
14060 14061
14060 14063
14061 14062
14062 14063
11507 11508
11507 11510
11509 11510
13431 13432
13431 13433
13431 13434
13431 13436
13434 13435
13435 13436
13435 13437
13435 13439
13437 13438
13438 13439
