6617
7810
9587
7989
8679
9787
8499
6615
9231
6616
9233
7811
8680
7990
8500
6618
9232
7992
8532
7994
9788
9790
6654
9588
9590
8021
7843
9268
8501
8504
7812
8711
7815
6651
9235
9238
8682
8684
9265
6620
6623
7991
8503
7995
9236
9789
7816
8681
9591
9791
7993
9237
6619
8505
7813
8685
7814
6624
9234
9239
8502
8683
9589
6621
6622
9295
9297
9299
9301
9302
9306
8061
8063
9597
7968
9595
8067
9593
8066
9594
7975
9599
9601
9598
9604
8076
9612
9613
8080
9609
8082
9610
8083
8710
8078
8087
8671
9623
8673
6801
8676
8677
6808
8654
9644
8656
8660
8661
9638
6631
6633
6629
6626
6628
6634
6636
6639
6647
6648
6644
6645
6653
9793
9794
9795
9797
9798
9799
9801
6665
9804
9809
9810
9812
9813
9267
6688
6682
9666
9823
9668
8770
9671
9672
8777
9653
9838
9655
9658
9659
9844
8692
8693
8690
8687
8689
8694
8696
8699
8707
8708
8704
8705
8531
6797
8720
6799
6803
6804
6778
6780
8742
6782
6784
6785
8736
6789
9853
9855
9280
9858
9859
9287
9866
9868
9871
9872
7818
7819
7820
7822
7824
7825
7827
7830
7835
7836
7838
7839
9241
9243
9244
7853
9248
9246
9249
9208
9253
9258
9259
9261
7869
9262
9264
7875
8766
9206
8768
8772
8773
7997
7999
8000
8751
8753
8002
8003
8004
9222
8006
8756
8658
8009
9228
8757
8665
8014
8015
8017
8018
8020
7842
8030
8511
8513
8509
8507
8508
8514
8516
8519
8046
8527
8528
8052
8524
8525
6650
7964
7966
7970
7971
8542
7981
7983
7986
7987
8564
9276
8558
9278
9282
9283
9296
9298
9300
9223
9303
9305
8010
8064
9596
8065
9592
7972
8688
8062
9608
7974
9602
9600
9611
9605
8077
9660
9606
8081
9673
8047
9607
8084
9614
8079
8086
8518
9625
8674
8675
8672
6805
6807
8655
9624
8659
8565
8657
9639
6652
6632
6630
6649
6625
6637
6635
6640
6646
6641
6643
6642
7840
9792
9808
9796
9247
9811
9800
9802
6667
9803
9873
9807
9860
9806
9815
6666
6683
9603
9824
9669
9670
9667
8774
8776
9654
9825
9657
9645
9656
9845
8712
8512
8691
8709
8686
8697
8695
8700
8706
8701
8703
8702
8530
6638
8722
6802
6798
6800
6779
6781
8721
6783
6689
6786
8737
6788
9805
9856
9857
9854
9284
9286
9867
9870
9839
9869
7817
7834
7832
7841
7821
7826
7828
7829
7988
7833
7823
7837
9263
9242
9240
7854
9245
9266
9250
9251
9252
9257
9256
9260
7855
9255
9615
7876
8698
9207
8771
8767
8769
8019
7998
7996
8752
8754
8001
8016
8005
9209
8007
8743
8755
8008
9229
8662
8758
8013
8012
8068
8011
9814
8022
8031
8510
8526
8506
6627
8523
8517
8515
8520
8032
8664
8521
8053
8678
8522
8529
7831
7969
7965
7967
8544
7982
7985
7870
7984
8543
9254
8559
9281
9277
9279
