10850 10848
10850 10862
10240 10242
10240 10244
10240 10248
10240 10249
10739 10741
10739 10743
10739 10746
10739 10747
10157 10155
10157 10210
9974 9976
9974 9981
9974 9999
9974 10002
10251 10249
10251 10747
10154 10152
10154 10248
10734 10732
10734 10746
10855 10857
10855 10859
10855 10862
10855 10863
10004 10002
10004 10851
10127 10129
10127 10133
10127 10152
10127 10155
10213 10211
10213 10863
10708 10710
10708 10714
10708 10732
10708 10735
10824 10826
10824 10830
10824 10848
10824 10851
10001 9999
10001 10735
10202 10204
10202 10206
10202 10210
10202 10211
