18497 18495
18499 18495
18503 18410
18503 18495
18504 18495
18504 18506
17794 17792
17796 17792
17801 17792
17801 17803
17800 17706
17800 17792
17811 17809
17816 17700
17816 17809
17817 16603
17817 17809
17813 17809
19092 19090
18563 18561
18563 18566
19094 19090
19098 19046
19098 19090
19099 19090
19099 19101
19111 19109
18585 18561
18585 18587
19113 19109
19117 19040
19117 19109
19118 19109
19118 19120
18579 18566
18579 18581
19639 19637
19639 19642
19654 19642
19654 19656
19660 19637
19660 19662
18609 18607
16481 16479
16481 16484
18611 18607
18615 18581
18615 18607
18616 18607
18616 18618
18594 18592
16504 16479
16504 16506
18596 18592
18599 18587
18599 18592
18600 18506
18600 18592
16498 16484
16498 16500
19669 19667
19439 19437
19439 19442
19671 19667
19674 19662
19674 19667
19675 19101
19675 19667
19682 19680
19684 19680
19460 19437
19460 19462
19687 19656
19687 19680
19688 17915
19688 19680
19454 19442
19454 19456
16613 16611
16615 16611
16619 16500
16619 16611
16620 16611
16620 16622
16594 16592
16596 16592
16600 16506
16600 16592
16601 16592
16601 16603
17860 17858
17860 17863
17876 17863
17876 17878
17882 17858
17882 17884
19482 19480
18386 18384
18386 18389
19484 19480
19487 19456
19487 19480
19488 18618
19488 19480
19469 19467
19471 19467
18408 18384
18408 18410
19474 19462
19474 19467
18402 18389
18402 18404
19475 19120
19475 19467
17682 17680
17682 17685
17698 17685
17698 17700
17704 17680
17704 17706
17891 17889
17893 17889
17896 17884
17896 17889
17897 17803
17897 17889
19022 19016
19022 19021
17906 17904
17908 17904
17912 17878
17912 17904
17913 17904
17913 17915
19038 19021
19038 19040
18514 18512
19044 19016
19044 19046
18516 18512
18519 18404
18519 18512
18520 16622
18520 18512
