4224 3481
4224 3483
4224 4225
4224 4226
4225 3403
4225 5737
4226 4227
4226 4238
4226 5737
4226 5738
4227 3483
4227 4228
4227 4230
4228 3496
4228 4229
4229 4230
4230 4238
5383 5307
5383 5311
5383 5384
5383 5386
5384 3403
5384 5737
5385 5311
5385 5386
5385 5387
5385 5389
5386 5399
5386 5737
5386 5738
5387 5388
5387 5399
5388 5389
5389 5319
4238 5741
5399 5739
3480 3402
3480 3407
3480 3481
3480 3483
3481 3403
3482 3407
3482 3483
3482 3484
3482 3486
3483 3496
3484 3485
3484 3496
3485 3486
3486 3415
5421 3519
5421 3521
5421 5308
5421 5309
5422 3521
5422 5309
5422 5423
5422 5425
5423 3534
5423 5424
5424 5425
5425 5316
5301 5312
5301 5313
3522 3520
3522 3523
3522 3534
5306 5307
5306 5308
5306 5309
5306 5311
5307 3403
5308 3403
5309 5310
5309 5316
5310 5311
5310 5312
5310 5313
3518 3404
3518 3405
3518 3519
3518 3521
3519 3403
3520 3405
3520 3521
3520 3524
5313 5316
3523 3524
3396 3408
3396 3409
3521 3534
5319 5311
5319 5312
3401 3402
3401 3404
3401 3405
3401 3407
3402 3403
3403 3404
3405 3406
3405 3412
3406 3407
3406 3408
3406 3409
3407 3415
3408 3415
3409 3412
3524 3412
5738 5739
5738 5741
5739 5740
5740 5741
