24192 24193
24192 24194
24192 24195
24192 24197
24193 23017
24193 24269
24194 23017
24194 24307
24195 24196
24195 24202
24195 24307
24195 24308
24196 24197
24196 24198
24196 24199
24197 24205
24197 24269
24197 24271
24198 24187
24198 24205
23943 23094
23943 23096
23943 23944
23943 23945
23944 23017
23944 24623
24199 24187
24199 24202
23946 23096
23946 23945
23946 23947
23946 23949
24202 24311
23948 23947
23948 23949
23053 23021
23053 23022
23053 23099
24205 24275
23050 23019
23050 23024
23050 23137
23947 23109
23945 23957
23945 24623
23945 24624
23949 23957
23957 24627
24623 24270
24623 24272
24624 24272
24624 24625
24624 24627
24625 24285
24625 24626
24626 24627
23093 23016
23093 23021
23093 23094
23093 23096
23094 23017
23095 23021
23095 23096
23095 23097
23095 23099
23096 23109
23097 23098
23097 23109
23098 23099
24269 24270
24269 24272
24270 23017
24271 24272
24271 24273
24271 24275
24272 24285
24273 24274
24273 24285
24274 24275
23131 23018
23131 23019
23131 23132
23131 23134
23132 23017
23132 24307
23133 23019
23133 23134
23133 23135
23133 23137
23134 23147
23134 24307
23134 24308
23136 23135
23136 23137
23135 23147
23015 23016
23015 23018
23015 23019
23015 23021
23016 23017
23017 23018
23147 24309
23020 23019
23020 23021
23020 23022
23020 23024
23022 23023
23023 23024
24308 24309
24308 24311
24309 24310
24310 24311
