13421 13419
13421 13539
13624 13626
13624 13631
13624 13649
13624 13652
13875 13877
13875 13881
13875 13898
13875 13901
13790 13788
13790 13802
13493 13495
13493 13497
13493 13501
13493 13502
13654 13652
13654 13901
13651 13649
13651 13791
13900 13898
13900 13912
13531 13533
13531 13535
13531 13539
13531 13540
13424 13422
13424 13501
13764 13766
13764 13770
13764 13788
13764 13791
13542 13540
13542 13803
13905 13907
13905 13909
13905 13912
13905 13913
13405 13402
13405 13406
13405 13419
13405 13422
13504 13502
13504 13913
13795 13797
13795 13799
13795 13802
13795 13803
