387 388
387 390
387 391
387 393
388 389
388 23360
389 390
389 3730
389 7002
389 10274
389 13546
389 16818
389 20090
390 3729
391 392
391 423
391 3729
391 3731
392 393
392 394
392 396
13577 13547
13577 13551
13577 16823
394 395
394 426
395 396
396 423
393 426
393 23360
393 23361
3729 3730
3729 3732
3730 7001
3731 3732
3731 3733
3731 3735
3732 3762
3732 7001
3732 7004
3733 3734
3733 3762
3734 3735
3735 423
20121 20091
20121 20095
20121 23364
10273 7002
10273 7003
10273 10274
10273 10276
10274 13545
10275 7003
10275 10276
10275 10277
10275 10279
10276 10306
10276 13545
10276 13548
10277 10278
10277 10306
10278 10279
10279 7033
426 23362
16817 13546
16817 13547
16817 16818
16817 16820
16818 20089
3762 7005
16819 13547
16819 16820
16819 16821
16819 16823
16820 16850
16820 20089
16820 20092
16822 16821
16822 16823
16821 16850
7033 7003
7033 7007
23360 20090
23360 20091
23361 20091
23361 23362
23361 23364
10306 13549
23363 23362
23363 23364
16850 20093
7001 7002
7001 7003
7003 7004
7004 7005
7004 7007
7005 7006
7006 7007
13545 13546
13545 13547
13547 13548
13548 13549
13548 13551
13549 13550
13550 13551
20089 20090
20089 20091
20091 20092
20092 20093
20092 20095
20093 20094
20094 20095
