17748 17746
17748 17968
21327 21329
21327 21333
21327 21350
21327 21353
21357 21359
21357 21361
21357 21364
21357 21365
21006 21004
21006 21221
18090 18092
18090 18096
18090 18113
18090 18116
21352 21350
21352 21364
21003 21001
21003 21353
18133 18131
18133 21365
17940 17942
17940 17947
17940 17965
17940 17968
17745 17743
17745 18116
20976 20978
20976 20983
20976 21001
20976 21004
17967 17965
17967 21220
18122 18124
18122 18126
18122 18130
18122 18131
17718 17720
17718 17725
17718 17743
17718 17746
18115 18113
18115 18130
21196 21198
21196 21202
21196 21220
21196 21221
