19899
25212
20269
23728
19897
23169
20485
21999
23528
22000
20270
23729
19900
23170
19898
20486
23171
23731
19936
23733
23173
23176
22032
20272
20274
23207
23760
23204
20488
20490
25213
19933
25215
20517
23529
23531
19902
19905
20301
22001
22004
23174
20489
23732
23172
23177
25214
19901
20273
23175
23734
23530
20487
20491
23730
19906
25216
22005
20271
23532
19903
19904
20275
22002
22003
23607
23609
20360
23612
23613
20367
23815
23817
20277
23819
20280
23822
20282
23821
20283
23826
20284
20286
20279
20289
23800
20294
20295
23333
20297
23805
20298
23806
19932
23802
23340
20572
20310
20574
20576
20578
20579
20583
20557
20326
20559
20562
20563
20332
22011
22013
22009
22007
22008
22014
22016
22019
22027
22028
22024
22025
22031
23184
23186
23182
23179
23181
23187
23189
22040
23192
23200
23201
23197
23198
23203
22061
22055
20341
23217
20343
20081
20346
20347
20088
20356
23240
20358
20362
20363
23234
19913
19915
19911
19908
19910
19916
19918
19921
19929
19930
19926
19927
19935
22089
19946
22091
22094
22095
22072
22074
19969
22076
22078
22079
19963
22083
23348
23350
23352
23354
23355
23359
23329
23331
23335
23336
25222
25223
25220
25218
25219
25224
25226
25229
25237
25238
25234
25235
23534
23535
23536
25248
23539
23538
23540
23542
23545
23550
23551
23553
25269
23554
20300
25263
20077
23564
20079
20083
20084
23741
23742
23739
20058
20060
23736
23738
23743
23579
23745
20064
20062
23748
23585
20065
20069
23756
23757
23753
23754
23206
23759
23769
20498
20499
20496
20493
20495
20500
20502
20505
23791
20513
20514
23785
20510
20511
20516
25291
25293
25296
25297
20526
25278
25280
25283
25284
20548
23594
20542
23596
23599
23600
23608
23610
23611
23580
20364
23614
23747
23818
20276
23820
20281
23823
19909
23816
20296
25298
20285
20287
20293
20288
23801
20366
20292
23804
20348
23792
20291
23337
20302
23803
23807
20504
20311
20575
20577
20573
20580
22096
20558
20312
20561
20549
20560
20333
22030
22012
22010
22029
22006
22017
22015
22020
22026
22021
22023
22022
25240
23183
23199
23178
23180
23196
23190
23188
22042
23193
23339
23194
23358
23195
23202
22041
22056
20290
23219
20344
20345
20342
20085
20087
20357
23218
20361
20327
20359
23235
19934
19914
19912
19931
19907
19919
19917
19922
19928
19923
19925
19924
20518
22018
19948
22093
22090
22092
22073
22075
19947
22077
22062
22080
19964
22082
23191
23351
23353
23349
23356
23601
23330
23334
23241
23332
25221
25236
25232
25239
25217
25227
25225
25230
25285
25231
23737
25233
23555
20278
23533
25250
23537
23556
23541
23543
23544
23549
23548
23552
25249
23547
20299
25264
19920
23565
20082
20078
20080
23761
23185
23740
20059
20061
23735
23752
23746
23566
23744
19970
20063
23749
23586
20066
20068
23755
23750
23825
23751
23205
23758
23771
20497
20512
20492
20494
20509
20503
20501
20506
23770
20564
20507
23786
20582
20508
20515
25228
25295
25292
25294
20528
25279
25282
25270
25281
20527
23546
20543
23598
23595
23597
