15371 15369
15371 18665
18802 18804
18802 18806
18802 18809
18802 18810
15526 15528
15526 15530
15526 15534
15526 15535
18448 18446
18448 18798
15122 15124
15122 15129
15122 15147
15122 15150
15537 15535
15537 18810
18797 18795
18797 18809
15519 15517
15519 15534
18641 18643
18641 18647
18641 18665
18641 18666
15152 15150
15152 15372
18772 18774
18772 18778
18772 18795
18772 18798
18451 18449
18451 18666
15494 15496
15494 15500
15494 15517
15494 15520
15344 15346
15344 15351
15344 15369
15344 15372
15149 15147
15149 15520
18421 18423
18421 18428
18421 18446
18421 18449
