6656 6655
6656 6657
6656 6733
6657 6658
6657 6734
6657 6772
6657 7613
6657 7862
6657 7863
6657 7939
7938 7862
7938 7866
7938 7939
7938 7941
7939 8292
6658 6655
6658 6771
7940 7866
7940 7941
7940 7942
7940 7944
6660 6659
6660 6661
6660 6662
6660 6664
7943 7942
7943 7944
6663 6662
6663 6664
6787 6774
6787 6775
6787 7978
7944 7874
6659 6655
6659 6690
6659 6771
6659 6773
7942 7954
7941 7954
7941 8292
7941 8293
6664 6690
6662 6693
7954 8294
6690 6777
6693 6661
6693 6739
7976 6772
7976 6774
7976 7863
7976 7864
7977 6774
7977 7864
7977 7978
7977 7980
7978 7979
7979 7980
7980 7871
7856 7867
7856 7868
7861 7862
7861 7863
7861 7864
7861 7866
7864 7865
7864 7871
7865 7866
7865 7867
7865 7868
7866 7874
7867 7874
7612 6734
7612 6736
7612 7613
7612 7614
7613 8292
7868 7871
7615 6736
7615 7614
7615 7616
7615 7618
7617 7616
7617 7618
7616 6749
7614 7626
7614 8292
7614 8293
7618 7626
7626 8296
6733 6661
6733 6734
6733 6736
6735 6661
6735 6736
6735 6737
6735 6739
6736 6749
6737 6738
6737 6749
6738 6739
8293 8294
8293 8296
8294 8295
8295 8296
6661 6655
6771 6772
6771 6774
6773 6774
6773 6775
6773 6777
6775 6776
6776 6777
