272 273
272 275
272 276
272 278
273 274
273 928
274 275
274 697
274 929
274 1651
274 23247
274 23248
274 23845
275 696
1683 1653
1683 1654
1683 24538
277 276
277 278
277 279
277 281
278 310
278 928
278 931
279 280
279 310
280 281
276 307
276 696
276 699
281 307
928 929
928 930
929 1650
930 931
930 960
930 1650
930 1652
931 932
931 934
23844 23247
23844 23251
23844 23845
23844 23846
23845 24536
933 932
933 934
23847 23251
23847 23846
23847 23848
23847 23850
932 310
23849 23848
23849 23850
934 960
23848 23283
23846 23876
23846 24536
23846 24537
23850 23876
307 700
696 697
696 698
697 23628
698 699
698 728
698 23628
698 23629
699 700
699 702
700 701
701 702
702 728
960 1656
23876 24540
23628 23248
23628 23249
23629 23249
23629 23630
23629 23632
23246 23247
23246 23248
23246 23249
23246 23251
23631 23630
23631 23632
23250 23249
23250 23251
23250 23252
23250 23254
23251 23283
23252 23253
23252 23283
23253 23254
23254 23280
23632 728
24536 1651
24536 1653
24537 1653
24537 24538
24537 24540
24539 24538
24539 24540
23630 23280
23249 23280
1650 1651
1650 1653
1652 1653
1652 1654
1652 1656
1654 1655
1655 1656
