10872 10870
10874 10870
10878 10844
10878 10870
10879 10870
10879 10881
10640 10638
10642 10638
10647 10638
10647 10649
10646 10612
10646 10638
10625 10623
10630 10618
10630 10623
10631 10232
10631 10623
10627 10623
14129 14127
11548 11546
11548 11551
14131 14127
14134 14122
14134 14127
14135 13485
14135 14127
14144 14142
11563 11551
11563 11565
14146 14142
14150 14116
14150 14142
14151 14142
14151 14153
11569 11546
11569 11571
13406 13400
13406 13405
13422 13405
13422 13424
13428 13400
13428 13430
11580 11578
10133 10127
10133 10132
11582 11578
11586 11571
11586 11578
11587 11578
11587 11589
11597 11595
10149 10132
10149 10151
11599 11595
11602 11565
11602 11595
11603 10881
11603 11595
10155 10127
10155 10157
13476 13474
14785 14783
14785 14788
13478 13474
13482 13430
13482 13474
13483 13474
13483 13485
13495 13493
13497 13493
14800 14788
14800 14802
13501 13424
13501 13493
13502 13493
13502 13504
14806 14783
14806 14808
10204 10202
10206 10202
10210 10157
10210 10202
10211 10202
10211 10213
10223 10221
10225 10221
10229 10151
10229 10221
10230 10221
10230 10232
13877 13875
13877 13880
13898 13875
13898 13900
13892 13880
13892 13894
14815 14813
10826 10824
10826 10829
14817 14813
14820 14808
14820 14813
14821 11589
14821 14813
14828 14826
14830 14826
10842 10829
10842 10844
14833 14802
14833 14826
10848 10824
10848 10850
14834 14153
14834 14826
10594 10592
10594 10597
10616 10592
10616 10618
10610 10597
10610 10612
13920 13918
13922 13918
13925 13894
13925 13918
13926 10649
13926 13918
14098 14096
14098 14101
13907 13905
13909 13905
13912 13900
13912 13905
13913 13504
13913 13905
14114 14101
14114 14116
10857 10855
14120 14096
14120 14122
10859 10855
10862 10850
10862 10855
10863 10213
10863 10855
