389
23360
10273
387
13545
3729
16817
20089
7001
20090
7002
388
10274
390
13546
16818
3730
392
13577
395
3731
3734
20121
10275
10278
423
426
3762
16819
16822
23361
10306
23363
16850
7004
7006
13548
13550
7033
20092
20094
391
16823
396
3732
3733
23364
10276
10277
3735
394
7005
16820
16821
393
13549
23362
20093
7003
7007
13547
13551
10279
20091
20095
7169
7171
7173
7175
7176
7180
549
551
10281
553
10283
556
10285
555
10287
560
10288
10290
10282
10293
568
10298
10299
572
10301
574
10302
575
10305
570
579
16972
10317
16974
16976
16978
16979
16983
16989
10333
16991
16994
16995
10339
20097
20099
20100
20102
20103
20104
20106
20109
20114
20115
20117
20118
20120
3737
3738
3739
3741
3743
3744
3746
20132
3749
3754
3755
3757
3758
3761
20149
20155
10428
3773
10430
10432
10434
10435
10439
10445
3789
10447
10450
10451
3795
13553
13555
13556
13558
13559
13560
13562
13565
13570
13571
13573
13574
13576
20242
13588
20244
20247
20248
20257
20259
13605
20261
20263
20264
13611
20268
3884
3886
3888
3890
3891
3895
3901
3903
3906
3907
23366
23367
23368
23370
23371
23372
23374
23377
23382
23383
23385
23386
7009
7011
7012
23398
7015
7014
7016
7018
7021
7026
7027
7029
23414
7030
7032
23420
13698
7044
13700
13703
13704
398
400
401
13713
13715
403
405
406
7061
408
13719
13717
411
7067
13720
13724
416
417
419
420
422
425
437
16825
16826
16827
16829
16831
16832
16834
16837
454
16842
16843
460
16845
16846
16849
23507
23509
23512
23513
16861
23520
23522
23525
23526
16877
7154
16883
7156
7159
7160
7170
7172
7174
7062
7177
7179
412
552
10280
554
10284
557
10286
550
10300
23514
10289
10291
10297
10292
569
10452
10296
573
10438
455
10295
576
10304
571
578
16838
10318
16975
16977
16973
16980
20249
16990
10319
16993
16878
16992
10340
20119
20098
20096
20122
20101
20105
20107
20108
20113
20112
20116
20111
23387
3736
3753
3740
3742
3756
3745
3747
20133
3748
3908
3752
3894
3751
3760
20134
20156
10294
3774
10431
10433
10429
10436
13705
10446
3775
10449
10334
10448
3796
13575
13554
13552
13578
13557
13561
13563
13564
13569
13568
13572
13567
16847
20110
13589
20246
20243
20245
20258
20260
13590
20262
20150
20265
13612
20267
3750
3887
3889
3885
3892
7161
3902
3905
3790
3904
23365
23381
23379
23388
23369
23373
23375
23376
23527
23380
404
23384
7031
7010
7008
23399
7013
7034
7017
7019
7020
7025
7024
7028
23400
7023
10303
23421
13566
7045
13702
13699
13701
421
399
397
13714
13716
402
418
407
7046
409
13606
13718
410
7068
13721
13723
415
414
559
413
3759
424
438
16824
16841
16828
16830
16844
16833
16835
16836
439
16996
16840
461
16982
16839
16848
23378
23511
23508
23510
16862
23521
23524
23415
23523
16863
7022
16884
7158
7155
7157
20482
20483
4105
4109
4110
10254
4112
10256
4114
4115
10259
4117
4120
4123
10270
10308
10310
10311
10313
10314
10316
10321
10323
10326
10327
10328
10330
10331
10332
10336
10342
10345
10349
10352
10355
10357
10358
10360
10362
10363
10367
10372
10373
10375
10376
10378
10379
10381
10382
10384
10386
10387
10389
10390
10392
10394
10396
10397
10401
10403
10405
10406
10408
10409
10411
10413
10415
10416
10420
10422
10424
10425
10427
10442
10444
10482
10485
246
10487
251
10492
253
10494
10495
256
10496
10500
262
265
10506
10508
10509
10512
10514
10515
10517
10527
10528
10530
16676
16681
16683
10542
16686
10544
10545
10547
16692
10550
16695
10551
330
332
335
346
10587
10590
10592
10597
10599
10600
10601
10603
10606
368
370
10612
373
10614
10615
16760
16762
10618
10620
16765
10621
10623
384
16776
10633
10635
10638
10649
10653
10654
16798
10656
16800
10658
10659
16803
10661
10664
10667
428
430
431
16814
433
434
436
441
443
446
448
449
451
452
453
457
463
466
16852
16854
16855
470
473
16858
16857
16860
476
478
479
16865
481
16867
484
483
16870
16871
488
16872
16874
16875
16876
493
494
16880
497
496
499
500
16886
503
502
505
16889
507
508
16893
510
511
16896
513
515
16899
517
16902
518
16904
16901
16906
16907
522
524
526
527
16911
529
530
532
16917
534
16919
536
537
16920
16923
16922
16925
16926
543
16928
545
16930
16931
548
16933
16934
546
16936
16938
16940
16941
16945
562
16947
564
16949
16950
567
16952
16953
565
16955
16957
16959
16960
16964
16966
16968
16969
16971
16986
16988
614
617
619
624
626
627
628
630
633
639
641
642
17026
17029
645
17031
647
648
650
17036
17038
17039
17040
660
17044
662
665
17050
17052
17053
17056
17058
17059
676
17061
541
680
681
683
685
686
17071
688
17072
17074
691
23220
694
23225
23227
17086
23230
17088
17089
17091
23236
17094
23239
17095
6861
6866
6868
6871
730
733
6877
735
6880
740
742
743
744
746
17131
749
17134
17136
3813
755
17141
758
17143
17144
761
17145
17147
764
757
766
17150
763
17156
17158
17159
776
23303
778
23305
23308
781
17162
17165
17167
17164
23319
792
17177
17179
796
797
17182
799
6944
801
802
6946
804
6949
807
17193
810
17197
17198
23341
17200
23343
17202
17203
23346
17205
6960
17208
17211
3828
23357
7085
6982
6984
6987
6998
23390
23391
23392
23394
23395
23397
23402
23404
23407
23408
23409
23411
23412
23413
23417
3840
7036
7037
7038
23423
7040
7041
23426
7043
23430
7048
23433
7050
23436
7053
23438
7055
23439
23441
7058
23443
23444
7060
7059
7056
7064
23448
23453
7070
23454
23456
23457
7073
23459
23460
7077
23462
23463
7080
23465
7106
23467
23468
7083
7086
23471
7088
23473
7090
7091
23475
23477
23478
7095
23482
23484
7101
23486
7103
7104
23489
23490
23487
23492
7100
23494
7110
7112
23496
23497
7109
7107
23501
7118
7114
7120
23504
7122
23506
7124
7125
7117
7115
7129
7131
7133
7134
23519
7136
7137
23517
7139
7141
7143
7144
7148
7151
7153
7163
7165
7166
7168
23557
23560
23562
23567
23569
23570
23571
23575
23581
23583
23584
23587
23589
23590
23592
7215
23602
23603
7220
23605
7218
7225
7227
7228
7229
7231
23617
7234
23619
23620
23622
7240
23625
23626
7243
7242
7246
7248
7249
7251
7261
13405
7263
13410
7266
13412
13415
23657
23660
7277
23662
13421
13424
7281
7282
23667
7284
23669
7286
7287
23670
7289
23671
23675
7292
16916
7295
23681
23683
23684
23687
23689
23690
23692
23702
23703
23705
7326
7329
7331
23717
23719
7336
23720
23722
7339
7340
23725
23726
7338
7344
13488
13490
13493
7350
7352
7353
7356
7358
7359
13504
7361
7371
7372
7374
13526
13528
7386
13531
7388
7389
7391
7394
7395
13542
13580
13581
13582
13584
13585
13587
13592
13594
13597
13599
13600
13602
13603
13604
13608
13614
13617
13621
13624
13627
13629
13630
13632
13634
13635
23470
13639
13644
13645
13647
13648
13650
13651
13653
13654
13656
13658
13659
13661
13662
13664
13666
13668
13669
13673
20221
13675
13677
13678
13680
13681
13683
13685
13687
13688
13692
13695
13697
13707
13709
13710
13712
13759
13762
13764
13769
13771
13772
13773
13775
13778
13784
13786
13787
13790
13792
13793
13795
13805
19949
13807
19954
13810
19956
19959
13821
19965
19968
13825
13826
13828
3588
13830
13831
13833
3593
3595
13836
3598
13839
3604
3607
13870
13873
13875
13880
13882
13883
13884
13888
20032
20034
20037
13894
13896
13897
13900
13902
13903
20048
13905
3672
3674
13915
13916
3677
13918
20070
20072
3688
13930
20075
13932
13933
13935
13938
13939
20086
3710
3712
3715
3726
20124
20125
20126
20128
20129
20131
20136
20138
20141
20143
20144
20146
20147
3764
20148
3766
3767
20152
3769
3770
3772
20158
3777
20161
3779
20165
3782
3783
20168
3784
3786
20171
3788
20173
20174
3787
3792
20176
20178
20179
3798
20183
3801
20188
3805
20189
20191
3808
20192
20194
20195
3811
20197
3814
20198
3816
20200
3818
3819
20202
20205
20206
20203
20208
3823
20210
20212
20213
3829
3831
3832
20217
3834
3835
20219
3837
3838
20222
20224
20225
3842
3843
20227
3845
3846
20231
3848
20229
3850
20232
3852
3853
20236
20239
3857
20241
3859
3861
3862
3864
3865
20251
3867
20253
20254
3871
20256
3869
3872
3876
3878
3880
3881
3883
3898
3900
20303
20306
20308
20313
20315
20316
20317
20319
20322
3938
3941
3943
20328
20330
20331
3948
20334
3950
3952
20337
20336
20339
3956
3951
3962
3964
3965
20349
20351
3968
20354
3970
3971
3973
20365
3983
3984
20369
3986
20370
20372
10132
20374
20375
20377
10137
10139
20380
3998
20383
4000
4001
10142
4003
10148
4006
10151
4007
20414
20417
20419
20424
20426
20427
20428
4043
4046
4048
20432
4053
20438
4055
4056
4057
20441
4059
20440
20444
4062
20447
20446
20449
4068
4070
4071
10216
10218
20459
20460
10221
20462
4074
4077
4079
4076
10232
4089
20474
4091
20476
20477
4094
20479
20478
20480
4092
7384
4111
10255
3855
10260
4113
4116
10258
4119
4121
4118
10257
10307
10309
10312
10344
10315
10341
10322
10410
10325
10440
10329
10338
10320
10335
10324
10343
10346
10348
10353
10354
10356
10359
10361
10374
10364
10366
10371
10370
10400
10369
10377
10486
10380
10351
10383
10652
10388
10385
10368
10393
10395
10391
10398
10668
10402
10418
10407
10404
10365
10412
10414
10337
10417
10419
10421
10437
10426
10423
10443
10441
10347
10484
258
10493
254
10502
468
10513
10507
255
10497
10499
259
257
10503
10552
10501
10488
10483
10518
10516
10498
10531
10529
16688
16682
16684
10541
16685
7294
10543
10549
16689
10546
16687
10548
252
336
334
333
10588
10350
10591
10608
10619
10598
10602
10604
10605
369
374
10609
372
10613
10607
16761
16766
10593
10219
16764
10589
10624
371
17166
10634
10639
10637
10636
13928
10655
16799
10399
16804
10657
10660
16802
10663
10665
10662
427
429
432
16801
465
435
462
442
531
445
447
450
459
440
456
444
464
467
16851
16853
16856
469
472
16859
16888
16885
475
477
480
16866
482
16954
485
495
16869
16984
487
16873
16882
16864
16879
492
491
16868
490
521
498
474
16887
471
501
504
16890
795
509
16892
506
489
16897
514
516
16898
512
16903
519
16905
16900
16918
16908
811
523
679
528
16910
525
486
533
16914
535
16944
458
538
16913
17030
16921
16924
16895
542
16927
558
17196
16932
544
16929
16912
547
16937
16939
16935
16942
17212
561
16946
577
16962
16951
563
16948
16909
566
16956
16958
16881
16961
16963
16965
16981
16970
16967
16987
16985
616
618
625
635
646
640
629
631
632
636
695
634
16891
17028
620
17037
615
651
649
17046
17057
17051
17041
661
17043
666
664
17047
17096
17045
17032
17027
17062
663
17060
540
3996
682
539
684
687
17042
690
17075
17073
692
23232
689
23226
23228
17085
23229
13838
17087
17093
23233
17090
23231
17092
6873
6869
7075
6870
731
732
6874
734
6872
751
762
741
745
747
17132
748
16894
17135
3812
752
17152
750
17163
17142
736
17146
17148
767
756
765
17149
331
17153
17157
17151
777
23304
782
23309
23307
780
17137
17133
17168
16763
23691
779
17178
17183
23715
798
17181
520
6867
800
803
6950
806
6948
808
17180
805
20472
17199
23342
16943
23347
17201
17204
23345
17207
6947
17209
17206
3827
23344
7084
6983
6988
6986
6985
23389
23502
23393
23425
23396
23422
23403
23491
23406
23515
23410
23419
23401
23416
23405
3839
7035
7149
7039
23424
7072
7042
23427
7069
23429
7049
23434
7138
23435
7052
23437
7054
23440
23442
7066
23455
23445
7063
7047
7057
7051
23447
23452
7071
23451
23481
23450
7074
23458
23561
7076
23461
23432
7079
23464
7105
23480
23469
7082
7087
23449
7089
23474
7102
7092
23476
23472
23479
7094
23727
23483
7098
23499
7128
7097
23485
23446
23488
23493
7099
23495
7078
7111
23418
23498
7108
7081
23500
7096
7127
7121
23505
7123
23503
7119
7126
7113
7116
7396
7130
7280
7135
23516
7132
7093
23518
7140
7142
7065
7145
7147
7152
7150
7162
7178
7167
7164
23428
23559
23568
23577
23588
23582
23572
23574
23578
23627
23576
23563
23558
23593
23591
7217
23573
23606
7226
23604
7219
7236
7247
7241
7230
7232
23616
7233
20382
23618
23624
7237
23621
23623
7235
7296
7221
7216
7252
7250
7262
13417
7267
13413
7265
13619
13414
23658
23431
7264
23661
13418
13416
10540
7283
23677
7146
23688
7285
7288
23668
7291
23672
23674
7293
16915
7290
23678
23682
23676
23663
23306
23659
23693
23673
23706
23704
7327
7328
7330
23716
809
7346
23718
23724
7337
7341
23721
23723
7357
7343
13411
13494
13492
7347
7351
7345
7332
6945
7362
13491
7360
7342
7375
7373
13527
13532
7385
13530
4122
7387
7393
7390
7392
13529
13579
13693
13583
13616
13586
13613
13593
13682
13596
13598
13601
13610
13591
13607
13595
13615
13618
13620
13623
13626
13628
13631
13633
13646
13636
23466
13638
13643
13642
13672
13641
13649
13625
13652
13622
13655
13671
13660
13657
13640
13665
13667
13663
13670
13940
20368
13674
13824
13679
13676
13637
13684
13686
13609
13689
13691
13696
13694
13706
13722
13711
13708
13761
13763
13770
13780
13791
13785
13774
13776
13777
13781
13840
13779
13765
13760
13796
13794
13806
19961
13811
19957
13809
20163
19958
13808
19962
19960
17084
13827
13690
3600
13829
13832
13835
3594
3596
13837
3597
13834
3601
3599
13871
13872
13874
13890
13901
13881
13885
13887
19955
20038
20036
13891
13895
13889
13876
13489
13906
20035
13904
3673
3678
13886
13919
3676
13917
20071
20076
4078
13929
20074
10666
13931
13937
13934
13936
20073
3711
3716
3714
3713
20123
20237
20127
20160
20130
20157
20137
20226
20140
20142
20145
20154
20135
3763
20151
3765
3768
20139
3800
3771
3797
20159
3778
20162
3866
20164
3781
3896
20167
3785
3794
20170
3791
20172
20175
3776
3780
20177
20190
20180
3799
20182
3802
20187
3804
20186
20216
3809
20185
20193
20169
3810
20196
3815
20166
3817
20199
3830
3820
20215
20201
20184
20204
20209
3822
20211
20207
20214
3826
3856
3825
20484
3833
3942
20218
3836
3807
20223
20220
20181
4108
3844
20228
3841
3824
20153
3849
20230
3851
20233
3847
3854
20235
20240
4124
20238
3858
3874
3863
3860
3821
20250
3868
20266
20255
3793
20252
3870
3873
3875
3877
3893
3882
3879
3899
3897
20305
20307
20314
20324
20335
20329
20318
20320
20321
3803
3940
3949
20325
20384
20323
3958
20309
3969
3953
20340
20304
20338
3955
3963
3959
4008
3957
20350
20355
3944
20353
3939
3974
3972
20352
3954
3987
23615
3985
20371
20234
10144
20373
20376
20379
10138
10140
20381
3997
20378
693
3999
10141
4005
10145
4002
10143
4004
20415
20416
20418
20434
20445
20425
20429
4044
3806
4047
20431
4064
20435
4075
4054
4058
20433
4060
20439
20420
4061
20450
20033
20448
4065
4069
4063
10217
10222
20430
20463
10220
20461
4049
4045
4080
3675
10622
4090
20473
4095
17210
20475
4093
20481
0
2
5
8
11
13
14
16
18
19
21
24
29
30
32
33
35
36
38
39
41
43
44
46
47
49
50
54
56
59
61
62
64
65
66
67
70
73
76
79
81
84
87
90
92
93
95
97
98
102
107
108
110
111
113
114
116
117
119
121
122
124
125
127
129
131
132
136
138
140
141
143
144
146
148
150
151
155
157
159
160
162
163
165
167
169
170
174
176
178
179
181
182
184
186
188
189
193
195
197
198
200
201
203
204
206
209
211
214
216
217
219
220
221
222
225
228
231
234
238
241
244
245
248
250
261
264
267
268
270
271
273
275
276
278
279
281
282
284
287
289
292
293
294
296
297
298
299
302
305
308
311
313
316
319
321
323
326
327
328
338
340
342
345
347
349
351
354
357
359
361
364
365
366
376
378
380
383
385
581
582
584
586
587
589
592
596
598
599
601
602
603
604
607
610
613
622
623
638
644
653
655
656
659
668
670
672
675
677
697
698
700
702
703
705
708
712
714
715
717
718
719
720
723
726
729
738
739
754
760
769
771
772
775
784
786
788
791
793
813
814
816
818
819
821
824
828
830
831
833
834
835
836
839
842
845
846
849
851
854
855
856
858
859
860
862
865
870
871
873
874
876
877
879
880
882
885
887
888
891
892
894
897
900
902
904
907
908
909
912
913
915
917
918
920
923
926
929
930
932
934
935
937
940
944
946
947
949
950
951
952
955
958
961
962
965
967
970
971
972
974
975
976
978
981
986
987
989
990
992
993
995
996
998
1001
1003
1004
1007
1008
1010
1013
1016
1018
1020
1023
1024
1025
1028
1029
1031
1033
1034
1036
1039
1042
1238
1240
1243
1246
1247
1248
1250
1252
1253
1255
1258
1263
1264
1266
1267
1270
1271
1281
1285
1287
1290
1291
1292
1294
1295
1296
1297
1300
1303
1306
1309
1311
1314
1317
1320
1322
1323
1325
1327
1328
1332
1337
1338
1340
1341
1343
1344
1346
1347
1355
1357
1359
1361
1362
1366
1368
1370
1371
1373
1374
1376
1378
1380
1381
1385
1393
1395
1397
1399
1400
1404
1407
1409
1410
1412
1415
1416
1418
1421
1423
1426
1428
1429
1431
1432
1433
1435
1438
1443
1444
1446
1447
1449
1450
1459
1475
1481
1490
1492
1495
1496
1505
1507
1509
1511
1512
1516
1534
1537
1539
1542
1544
1545
1547
1548
1549
1551
1554
1559
1560
1562
1563
1565
1566
1575
1591
1597
1606
1608
1611
1612
1621
1623
1625
1627
1628
1632
1651
1653
1654
1656
1657
1661
1663
1666
1668
1669
1671
1672
1673
1674
1677
1680
1681
1684
1687
1689
1692
1693
1694
1696
1697
1698
1702
1707
1708
1710
1711
1713
1714
1716
1718
1721
1724
1726
1728
1731
1732
1733
1735
1736
1738
1741
1743
1744
1747
1750
1752
1753
1755
1758
1759
1955
1957
1960
1963
1964
1965
1967
1969
1970
1972
1975
1980
1981
1983
1984
1987
1988
1998
2002
2004
2007
2008
2009
2011
2012
2013
2014
2017
2020
2023
2026
2028
2031
2034
2037
2039
2040
2042
2044
2045
2049
2054
2055
2057
2058
2060
2061
2063
2064
2072
2074
2076
2078
2079
2083
2085
2087
2088
2090
2091
2093
2095
2097
2098
2102
2110
2112
2114
2116
2117
2121
2124
2126
2127
2129
2132
2133
2135
2138
2140
2143
2145
2146
2148
2149
2150
2152
2155
2160
2161
2163
2164
2166
2167
2176
2192
2198
2207
2209
2212
2213
2222
2224
2226
2228
2229
2233
2251
2254
2256
2259
2261
2262
2264
2265
2266
2268
2271
2276
2277
2279
2280
2282
2283
2292
2308
2314
2323
2325
2328
2329
2338
2340
2342
2344
2345
2349
2368
2370
2371
2373
2374
2378
2380
2383
2385
2386
2388
2389
2390
2391
2394
2397
2398
2401
2404
2406
2409
2410
2411
2413
2414
2415
2419
2424
2425
2427
2428
2430
2431
2433
2435
2438
2441
2443
2445
2448
2449
2450
2452
2453
2455
2458
2460
2461
2464
2467
2469
2470
2472
2475
2476
2662
2664
2678
2684
2687
2691
2694
2697
2699
2700
2702
2704
2705
2709
2714
2715
2717
2718
2720
2721
2723
2724
2732
2734
2736
2738
2739
2743
2751
2753
2755
2757
2758
2762
3043
3044
3046
3049
3050
3051
3053
3054
3055
3057
3060
3065
3066
3068
3069
3079
3094
3100
3109
3111
3114
3115
3122
3124
3127
3128
3243
3244
3246
3249
3250
3251
3253
3254
3255
3257
3260
3265
3266
3268
3269
3279
3294
3300
3309
3311
3314
3315
3322
3324
3327
3328
3343
3345
3348
3351
3354
3356
3357
3359
3361
3362
3364
3367
3372
3373
3375
3376
3378
3379
3381
3382
3384
3386
3387
3389
3390
3392
3393
3397
3399
3402
3404
3405
3407
3408
3409
3410
3413
3416
3419
3422
3424
3427
3430
3433
3435
3436
3438
3440
3441
3445
3450
3451
3453
3454
3456
3457
3459
3460
3462
3464
3465
3467
3468
3470
3472
3474
3475
3479
3481
3483
3484
3486
3487
3489
3491
3493
3494
3498
3500
3502
3503
3505
3506
3508
3510
3512
3513
3517
3519
3521
3522
3524
3525
3527
3529
3531
3532
3536
3538
3539
3540
3542
3543
3545
3546
3548
3551
3553
3556
3558
3559
3561
3562
3563
3564
3567
3570
3573
3576
3580
3583
3586
3587
3590
3592
3603
3606
3609
3610
3612
3613
3615
3617
3618
3620
3621
3623
3624
3626
3629
3631
3634
3635
3636
3638
3639
3640
3641
3644
3647
3650
3653
3655
3658
3661
3663
3665
3668
3669
3670
3680
3682
3684
3687
3689
3691
3693
3696
3699
3701
3703
3706
3707
3708
3718
3720
3722
3725
3727
3911
3913
3914
3918
3922
3924
3925
3927
3928
3929
3930
3933
3936
3937
3946
3947
3961
3967
3976
3978
3979
3982
3989
3991
3992
3995
4010
4011
4013
4015
4016
4018
4021
4025
4027
4028
4030
4031
4032
4033
4036
4039
4042
4051
4052
4067
4073
4082
4084
4085
4088
4097
4099
4101
4104
4106
4126
4127
4129
4131
4132
4134
4137
4141
4143
4144
4146
4147
4148
4149
4152
4155
4158
4159
4162
4164
4167
4168
4169
4171
4172
4173
4175
4178
4183
4184
4186
4187
4189
4190
4192
4193
4195
4198
4200
4201
4204
4205
4207
4210
4213
4215
4217
4220
4221
4222
4225
4226
4228
4230
4231
4233
4236
4239
4242
4243
4245
4247
4248
4250
4253
4257
4259
4260
4262
4263
4264
4265
4268
4271
4274
4275
4278
4280
4283
4284
4285
4287
4288
4289
4291
4294
4299
4300
4302
4303
4305
4306
4308
4309
4311
4314
4316
4317
4320
4321
4323
4326
4329
4331
4333
4336
4337
4338
4341
4342
4344
4346
4347
4349
4352
4355
4551
4553
4556
4559
4560
4561
4563
4565
4566
4568
4571
4576
4577
4579
4580
4583
4584
4594
4598
4600
4603
4604
4605
4607
4608
4609
4610
4613
4616
4619
4622
4624
4627
4630
4633
4635
4636
4638
4640
4641
4645
4650
4651
4653
4654
4656
4657
4659
4660
4668
4670
4672
4674
4675
4679
4681
4683
4684
4686
4687
4689
4691
4693
4694
4698
4706
4708
4710
4712
4713
4717
4720
4722
4723
4725
4728
4729
4731
4734
4736
4739
4741
4742
4744
4745
4746
4748
4751
4756
4757
4759
4760
4762
4763
4772
4788
4794
4803
4805
4808
4809
4818
4820
4822
4824
4825
4829
4847
4850
4852
4855
4857
4858
4860
4861
4862
4864
4867
4872
4873
4875
4876
4878
4879
4888
4904
4910
4919
4921
4924
4925
4934
4936
4938
4940
4941
4945
4964
4966
4967
4969
4970
4974
4976
4979
4981
4982
4984
4985
4986
4987
4990
4993
4994
4997
5000
5002
5005
5006
5007
5009
5010
5011
5015
5020
5021
5023
5024
5026
5027
5029
5031
5034
5037
5039
5041
5044
5045
5046
5048
5049
5051
5054
5056
5057
5060
5063
5065
5066
5068
5071
5072
5255
5257
5260
5263
5264
5265
5267
5269
5270
5272
5275
5280
5281
5283
5284
5287
5288
5298
5302
5304
5307
5308
5309
5311
5312
5313
5314
5317
5320
5323
5326
5330
5333
5336
5338
5339
5341
5343
5344
5348
5353
5354
5356
5357
5359
5360
5362
5363
5371
5373
5375
5377
5378
5382
5384
5386
5387
5389
5390
5392
5394
5396
5397
5401
5409
5411
5413
5415
5416
5420
5423
5425
5426
5428
5431
5432
5434
5437
5439
5442
5444
5445
5447
5448
5449
5451
5454
5459
5460
5462
5463
5465
5466
5475
5491
5497
5506
5508
5511
5512
5521
5523
5525
5527
5528
5532
5550
5551
5553
5556
5557
5558
5560
5561
5562
5564
5567
5572
5573
5575
5576
5586
5601
5607
5616
5618
5621
5622
5629
5631
5634
5635
5652
5654
5655
5659
5663
5665
5666
5668
5669
5670
5671
5674
5677
5678
5679
5682
5684
5687
5688
5689
5691
5692
5693
5697
5702
5703
5705
5706
5708
5709
5711
5712
5714
5717
5719
5720
5723
5724
5725
5727
5730
5732
5733
5736
5739
5741
5742
5744
5747
5748
5934
5936
5950
5956
5959
5963
5966
5969
5971
5972
5974
5976
5977
5981
5986
5987
5989
5990
5992
5993
5995
5996
6004
6006
6008
6010
6011
6015
6023
6025
6027
6029
6030
6034
6315
6316
6318
6321
6322
6323
6325
6326
6327
6329
6332
6337
6338
6340
6341
6351
6366
6372
6381
6383
6386
6387
6394
6396
6399
6400
6515
6516
6518
6521
6522
6523
6525
6526
6527
6529
6532
6537
6538
6540
6541
6551
6566
6572
6581
6583
6586
6587
6594
6596
6599
6600
6615
6617
6620
6623
6626
6628
6629
6631
6633
6634
6636
6639
6644
6645
6647
6648
6650
6651
6653
6654
6656
6658
6659
6661
6662
6664
6665
6669
6671
6674
6676
6677
6679
6680
6681
6682
6685
6688
6691
6694
6696
6699
6702
6705
6707
6708
6710
6712
6713
6717
6722
6723
6725
6726
6728
6729
6731
6732
6734
6736
6737
6739
6740
6742
6744
6746
6747
6751
6753
6755
6756
6758
6759
6761
6763
6765
6766
6770
6772
6774
6775
6777
6778
6780
6782
6784
6785
6789
6791
6793
6794
6796
6797
6799
6801
6803
6804
6808
6810
6812
6813
6815
6816
6818
6819
6821
6824
6826
6829
6831
6832
6834
6835
6836
6837
6840
6843
6846
6849
6853
6856
6859
6860
6863
6865
6876
6879
6882
6883
6885
6886
6888
6889
6890
6892
6893
6895
6896
6898
6901
6903
6906
6907
6908
6910
6911
6912
6913
6916
6919
6922
6925
6927
6930
6933
6935
6937
6940
6941
6942
6952
6954
6956
6959
6961
6963
6965
6968
6971
6973
6975
6978
6979
6980
6990
6992
6994
6997
6999
7182
7183
7185
7187
7188
7190
7193
7197
7199
7200
7202
7203
7204
7205
7208
7211
7214
7223
7224
7239
7245
7254
7256
7257
7260
7269
7271
7273
7276
7278
7299
7301
7302
7306
7310
7312
7313
7315
7316
7317
7318
7321
7324
7325
7334
7335
7349
7355
7364
7366
7367
7370
7377
7379
7380
7383
7398
7399
7401
7403
7404
7406
7409
7413
7415
7416
7418
7419
7420
7421
7424
7427
7430
7431
7434
7436
7439
7440
7441
7443
7444
7445
7447
7450
7455
7456
7458
7459
7461
7462
7464
7465
7467
7470
7472
7473
7476
7477
7479
7482
7485
7487
7489
7492
7493
7494
7497
7498
7500
7502
7503
7505
7508
7511
7514
7515
7517
7519
7520
7522
7525
7529
7531
7532
7534
7535
7536
7537
7540
7543
7546
7547
7550
7552
7555
7556
7557
7559
7560
7561
7563
7566
7571
7572
7574
7575
7577
7578
7580
7581
7583
7586
7588
7589
7592
7593
7595
7598
7601
7603
7605
7608
7609
7610
7613
7614
7616
7618
7619
7621
7624
7627
7810
7812
7815
7818
7819
7820
7822
7824
7825
7827
7830
7835
7836
7838
7839
7842
7843
7853
7857
7859
7862
7863
7864
7866
7867
7868
7869
7872
7875
7878
7881
7885
7888
7891
7893
7894
7896
7898
7899
7903
7908
7909
7911
7912
7914
7915
7917
7918
7926
7928
7930
7932
7933
7937
7939
7941
7942
7944
7945
7947
7949
7951
7952
7956
7964
7966
7968
7970
7971
7975
7978
7980
7981
7983
7986
7987
7989
7992
7994
7997
7999
8000
8002
8003
8004
8006
8009
8014
8015
8017
8018
8020
8021
8030
8046
8052
8061
8063
8066
8067
8076
8078
8080
8082
8083
8087
8105
8106
8108
8111
8112
8113
8115
8116
8117
8119
8122
8127
8128
8130
8131
8141
8156
8162
8171
8173
8176
8177
8184
8186
8189
8190
8207
8209
8210
8214
8218
8220
8221
8223
8224
8225
8226
8229
8232
8233
8234
8237
8239
8242
8243
8244
8246
8247
8248
8252
8257
8258
8260
8261
8263
8264
8266
8267
8269
8272
8274
8275
8278
8279
8280
8282
8285
8287
8288
8291
8294
8296
8297
8299
8302
8303
8499
8501
8504
8507
8508
8509
8511
8513
8514
8516
8519
8524
8525
8527
8528
8531
8532
8542
8546
8548
8551
8552
8553
8555
8556
8557
8558
8561
8564
8567
8570
8572
8575
8578
8581
8583
8584
8586
8588
8589
8593
8598
8599
8601
8602
8604
8605
8607
8608
8616
8618
8620
8622
8623
8627
8629
8631
8632
8634
8635
8637
8639
8641
8642
8646
8654
8656
8658
8660
8661
8665
8668
8670
8671
8673
8676
8677
8679
8682
8684
8687
8689
8690
8692
8693
8694
8696
8699
8704
8705
8707
8708
8710
8711
8720
8736
8742
8751
8753
8756
8757
8766
8768
8770
8772
8773
8777
8795
8798
8800
8803
8805
8806
8808
8809
8810
8812
8815
8820
8821
8823
8824
8826
8827
8836
8852
8858
8867
8869
8872
8873
8882
8884
8886
8888
8889
8893
8912
8914
8915
8917
8918
8922
8924
8927
8929
8930
8932
8933
8934
8935
8938
8941
8942
8945
8948
8950
8953
8954
8955
8957
8958
8959
8963
8968
8969
8971
8972
8974
8975
8977
8979
8982
8985
8987
8989
8992
8993
8994
8996
8997
8999
9002
9004
9005
9008
9011
9013
9014
9016
9019
9020
9206
9208
9222
9228
9231
9235
9238
9241
9243
9244
9246
9248
9249
9253
9258
9259
9261
9262
9264
9265
9267
9268
9276
9278
9280
9282
9283
9287
9295
9297
9299
9301
9302
9306
9587
9588
9590
9593
9594
9595
9597
9598
9599
9601
9604
9609
9610
9612
9613
9623
9638
9644
9653
9655
9658
9659
9666
9668
9671
9672
9787
9788
9790
9793
9794
9795
9797
9798
9799
9801
9804
9809
9810
9812
9813
9823
9838
9844
9853
9855
9858
9859
9866
9868
9871
9872
9887
9889
9892
9895
9898
9900
9901
9903
9905
9906
9908
9911
9916
9917
9919
9920
9922
9923
9925
9926
9928
9930
9931
9933
9934
9936
9937
9941
9943
9946
9948
9949
9951
9952
9953
9954
9957
9960
9963
9966
9968
9971
9974
9977
9979
9980
9982
9984
9985
9989
9994
9995
9997
9998
10000
10001
10003
10004
10006
10008
10009
10011
10012
10014
10016
10018
10019
10023
10025
10027
10028
10030
10031
10033
10035
10037
10038
10042
10044
10046
10047
10049
10050
10052
10054
10056
10057
10061
10063
10065
10066
10068
10069
10071
10073
10075
10076
10080
10082
10083
10084
10086
10087
10089
10090
10092
10095
10097
10100
10102
10103
10105
10106
10107
10108
10111
10114
10117
10120
10124
10127
10130
10131
10134
10136
10147
10150
10153
10154
10156
10157
10159
10161
10162
10164
10165
10167
10168
10170
10173
10175
10178
10179
10180
10182
10183
10184
10185
10188
10191
10194
10197
10199
10202
10205
10207
10209
10212
10213
10214
10224
10226
10228
10231
10233
10235
10237
10240
10243
10245
10247
10250
10251
10252
10262
10264
10266
10269
10271
10455
10457
10458
10462
10466
10468
10469
10471
10472
10473
10474
10477
10480
10481
10490
10491
10505
10511
10520
10522
10523
10526
10533
10535
10536
10539
10554
10555
10557
10559
10560
10562
10565
10569
10571
10572
10574
10575
10576
10577
10580
10583
10586
10595
10596
10611
10617
10626
10628
10629
10632
10641
10643
10645
10648
10650
10670
10671
10673
10675
10676
10678
10681
10685
10687
10688
10690
10691
10692
10693
10696
10699
10702
10703
10706
10708
10711
10712
10713
10715
10716
10717
10719
10722
10727
10728
10730
10731
10733
10734
10736
10737
10739
10742
10744
10745
10748
10749
10751
10754
10757
10759
10761
10764
10765
10766
10769
10770
10772
10774
10775
10777
10780
10783
10786
10787
10789
10791
10792
10794
10797
10801
10803
10804
10806
10807
10808
10809
10812
10815
10818
10819
10822
10824
10827
10828
10829
10831
10832
10833
10835
10838
10843
10844
10846
10847
10849
10850
10852
10853
10855
10858
10860
10861
10864
10865
10867
10870
10873
10875
10877
10880
10881
10882
10885
10886
10888
10890
10891
10893
10896
10899
11095
11097
11100
11103
11104
11105
11107
11109
11110
11112
11115
11120
11121
11123
11124
11127
11128
11138
11142
11144
11147
11148
11149
11151
11152
11153
11154
11157
11160
11163
11166
11168
11171
11174
11177
11179
11180
11182
11184
11185
11189
11194
11195
11197
11198
11200
11201
11203
11204
11212
11214
11216
11218
11219
11223
11225
11227
11228
11230
11231
11233
11235
11237
11238
11242
11250
11252
11254
11256
11257
11261
11264
11266
11267
11269
11272
11273
11275
11278
11280
11283
11285
11286
11288
11289
11290
11292
11295
11300
11301
11303
11304
11306
11307
11316
11332
11338
11347
11349
11352
11353
11362
11364
11366
11368
11369
11373
11391
11394
11396
11399
11401
11402
11404
11405
11406
11408
11411
11416
11417
11419
11420
11422
11423
11432
11448
11454
11463
11465
11468
11469
11478
11480
11482
11484
11485
11489
11508
11510
11511
11513
11514
11518
11520
11523
11525
11526
11528
11529
11530
11531
11534
11537
11538
11541
11544
11546
11549
11550
11551
11553
11554
11555
11559
11564
11565
11567
11568
11570
11571
11573
11575
11578
11581
11583
11585
11588
11589
11590
11592
11593
11595
11598
11600
11601
11604
11607
11609
11610
11612
11615
11616
11799
11801
11804
11807
11808
11809
11811
11813
11814
11816
11819
11824
11825
11827
11828
11831
11832
11842
11846
11848
11851
11852
11853
11855
11856
11857
11858
11861
11864
11867
11870
11874
11877
11880
11882
11883
11885
11887
11888
11892
11897
11898
11900
11901
11903
11904
11906
11907
11915
11917
11919
11921
11922
11926
11928
11930
11931
11933
11934
11936
11938
11940
11941
11945
11953
11955
11957
11959
11960
11964
11967
11969
11970
11972
11975
11976
11978
11981
11983
11986
11988
11989
11991
11992
11993
11995
11998
12003
12004
12006
12007
12009
12010
12019
12035
12041
12050
12052
12055
12056
12065
12067
12069
12071
12072
12076
12094
12095
12097
12100
12101
12102
12104
12105
12106
12108
12111
12116
12117
12119
12120
12130
12145
12151
12160
12162
12165
12166
12173
12175
12178
12179
12196
12198
12199
12203
12207
12209
12210
12212
12213
12214
12215
12218
12221
12222
12223
12226
12228
12231
12232
12233
12235
12236
12237
12241
12246
12247
12249
12250
12252
12253
12255
12256
12258
12261
12263
12264
12267
12268
12269
12271
12274
12276
12277
12280
12283
12285
12286
12288
12291
12292
12478
12480
12494
12500
12503
12507
12510
12513
12515
12516
12518
12520
12521
12525
12530
12531
12533
12534
12536
12537
12539
12540
12548
12550
12552
12554
12555
12559
12567
12569
12571
12573
12574
12578
12859
12860
12862
12865
12866
12867
12869
12870
12871
12873
12876
12881
12882
12884
12885
12895
12910
12916
12925
12927
12930
12931
12938
12940
12943
12944
13059
13060
13062
13065
13066
13067
13069
13070
13071
13073
13076
13081
13082
13084
13085
13095
13110
13116
13125
13127
13130
13131
13138
13140
13143
13144
13159
13161
13164
13167
13170
13172
13173
13175
13177
13178
13180
13183
13188
13189
13191
13192
13194
13195
13197
13198
13200
13202
13203
13205
13206
13208
13209
13213
13215
13218
13220
13221
13223
13224
13225
13226
13229
13232
13235
13238
13240
13243
13246
13249
13251
13252
13254
13256
13257
13261
13266
13267
13269
13270
13272
13273
13275
13276
13278
13280
13281
13283
13284
13286
13288
13290
13291
13295
13297
13299
13300
13302
13303
13305
13307
13309
13310
13314
13316
13318
13319
13321
13322
13324
13326
13328
13329
13333
13335
13337
13338
13340
13341
13343
13345
13347
13348
13352
13354
13356
13357
13359
13360
13362
13363
13365
13368
13370
13373
13375
13376
13378
13379
13380
13381
13384
13387
13390
13393
13397
13400
13403
13404
13407
13409
13420
13423
13426
13427
13429
13430
13432
13433
13434
13436
13437
13439
13440
13442
13445
13447
13450
13451
13452
13454
13455
13456
13457
13460
13463
13466
13469
13471
13474
13477
13479
13481
13484
13485
13486
13496
13498
13500
13503
13505
13507
13509
13512
13515
13517
13519
13522
13523
13524
13534
13536
13538
13541
13543
13726
13727
13729
13731
13732
13734
13737
13741
13743
13744
13746
13747
13748
13749
13752
13755
13758
13767
13768
13783
13789
13798
13800
13801
13804
13813
13815
13817
13820
13822
13843
13845
13846
13850
13854
13856
13857
13859
13860
13861
13862
13865
13868
13869
13878
13879
13893
13899
13908
13910
13911
13914
13921
13923
13924
13927
13942
13943
13945
13947
13948
13950
13953
13957
13959
13960
13962
13963
13964
13965
13968
13971
13974
13975
13978
13980
13983
13984
13985
13987
13988
13989
13991
13994
13999
14000
14002
14003
14005
14006
14008
14009
14011
14014
14016
14017
14020
14021
14023
14026
14029
14031
14033
14036
14037
14038
14041
14042
14044
14046
14047
14049
14052
14055
14058
14059
14061
14063
14064
14066
14069
14073
14075
14076
14078
14079
14080
14081
14084
14087
14090
14091
14094
14096
14099
14100
14101
14103
14104
14105
14107
14110
14115
14116
14118
14119
14121
14122
14124
14125
14127
14130
14132
14133
14136
14137
14139
14142
14145
14147
14149
14152
14153
14154
14157
14158
14160
14162
14163
14165
14168
14171
14354
14356
14359
14362
14363
14364
14366
14368
14369
14371
14374
14379
14380
14382
14383
14386
14387
14397
14401
14403
14406
14407
14408
14410
14411
14412
14413
14416
14419
14422
14425
14429
14432
14435
14437
14438
14440
14442
14443
14447
14452
14453
14455
14456
14458
14459
14461
14462
14470
14472
14474
14476
14477
14481
14483
14485
14486
14488
14489
14491
14493
14495
14496
14500
14508
14510
14512
14514
14515
14519
14522
14524
14525
14527
14530
14531
14533
14536
14538
14541
14543
14544
14546
14547
14548
14550
14553
14558
14559
14561
14562
14564
14565
14574
14590
14596
14605
14607
14610
14611
14620
14622
14624
14626
14627
14631
14649
14650
14652
14655
14656
14657
14659
14660
14661
14663
14666
14671
14672
14674
14675
14685
14700
14706
14715
14717
14720
14721
14728
14730
14733
14734
14751
14753
14754
14758
14762
14764
14765
14767
14768
14769
14770
14773
14776
14777
14778
14781
14783
14786
14787
14788
14790
14791
14792
14796
14801
14802
14804
14805
14807
14808
14810
14811
14813
14816
14818
14819
14822
14823
14824
14826
14829
14831
14832
14835
14838
14840
14841
14843
14846
14847
15043
15045
15048
15051
15052
15053
15055
15057
15058
15060
15063
15068
15069
15071
15072
15075
15076
15086
15090
15092
15095
15096
15097
15099
15100
15101
15102
15105
15108
15111
15114
15116
15119
15122
15125
15127
15128
15130
15132
15133
15137
15142
15143
15145
15146
15148
15149
15151
15152
15160
15162
15164
15166
15167
15171
15173
15175
15176
15178
15179
15181
15183
15185
15186
15190
15198
15200
15202
15204
15205
15209
15212
15214
15215
15217
15220
15221
15223
15226
15228
15231
15233
15234
15236
15237
15238
15240
15243
15248
15249
15251
15252
15254
15255
15264
15280
15286
15295
15297
15300
15301
15310
15312
15314
15316
15317
15321
15339
15342
15344
15347
15349
15350
15352
15353
15354
15356
15359
15364
15365
15367
15368
15370
15371
15380
15396
15402
15411
15413
15416
15417
15426
15428
15430
15432
15433
15437
15456
15458
15459
15461
15462
15466
15468
15471
15473
15474
15476
15477
15478
15479
15482
15485
15486
15489
15492
15494
15497
15498
15499
15501
15502
15503
15507
15512
15513
15515
15516
15518
15519
15521
15523
15526
15529
15531
15533
15536
15537
15538
15540
15541
15543
15546
15548
15549
15552
15555
15557
15558
15560
15563
15564
15750
15752
15766
15772
15775
15779
15782
15785
15787
15788
15790
15792
15793
15797
15802
15803
15805
15806
15808
15809
15811
15812
15820
15822
15824
15826
15827
15831
15839
15841
15843
15845
15846
15850
16131
16132
16134
16137
16138
16139
16141
16142
16143
16145
16148
16153
16154
16156
16157
16167
16182
16188
16197
16199
16202
16203
16210
16212
16215
16216
16331
16332
16334
16337
16338
16339
16341
16342
16343
16345
16348
16353
16354
16356
16357
16367
16382
16388
16397
16399
16402
16403
16410
16412
16415
16416
16431
16433
16436
16439
16442
16444
16445
16447
16449
16450
16452
16455
16460
16461
16463
16464
16466
16467
16469
16470
16472
16474
16475
16477
16478
16480
16481
16485
16487
16490
16492
16493
16495
16496
16497
16498
16501
16504
16507
16510
16512
16515
16518
16521
16523
16524
16526
16528
16529
16533
16538
16539
16541
16542
16544
16545
16547
16548
16550
16552
16553
16555
16556
16558
16560
16562
16563
16567
16569
16571
16572
16574
16575
16577
16579
16581
16582
16586
16588
16590
16591
16593
16594
16596
16598
16600
16601
16605
16607
16609
16610
16612
16613
16615
16617
16619
16620
16624
16626
16627
16628
16630
16631
16633
16634
16636
16639
16641
16644
16646
16647
16649
16650
16651
16652
16655
16658
16661
16664
16668
16671
16674
16675
16678
16680
16691
16694
16697
16698
16700
16701
16703
16705
16706
16708
16709
16711
16712
16714
16717
16719
16722
16723
16724
16726
16727
16728
16729
16732
16735
16738
16741
16743
16746
16749
16751
16753
16756
16757
16758
16768
16770
16772
16775
16777
16779
16781
16784
16787
16789
16791
16794
16795
16796
16806
16808
16810
16813
16815
16999
17001
17002
17006
17010
17012
17013
17015
17016
17017
17018
17021
17024
17025
17034
17035
17049
17055
17064
17066
17067
17070
17077
17079
17080
17083
17098
17099
17101
17103
17104
17106
17109
17113
17115
17116
17118
17119
17120
17121
17124
17127
17130
17139
17140
17155
17161
17170
17172
17173
17176
17185
17187
17189
17192
17194
17214
17215
17217
17219
17220
17222
17225
17229
17231
17232
17234
17235
17236
17237
17240
17243
17246
17247
17250
17252
17255
17256
17257
17259
17260
17261
17263
17266
17271
17272
17274
17275
17277
17278
17280
17281
17283
17286
17288
17289
17292
17293
17295
17298
17301
17303
17305
17308
17309
17310
17313
17314
17316
17318
17319
17321
17324
17327
17330
17331
17333
17335
17336
17338
17341
17345
17347
17348
17350
17351
17352
17353
17356
17359
17362
17363
17366
17368
17371
17372
17373
17375
17376
17377
17379
17382
17387
17388
17390
17391
17393
17394
17396
17397
17399
17402
17404
17405
17408
17409
17411
17414
17417
17419
17421
17424
17425
17426
17429
17430
17432
17434
17435
17437
17440
17443
17639
17641
17644
17647
17648
17649
17651
17653
17654
17656
17659
17664
17665
17667
17668
17671
17672
17682
17686
17688
17691
17692
17693
17695
17696
17697
17698
17701
17704
17707
17710
17712
17715
17718
17721
17723
17724
17726
17728
17729
17733
17738
17739
17741
17742
17744
17745
17747
17748
17756
17758
17760
17762
17763
17767
17769
17771
17772
17774
17775
17777
17779
17781
17782
17786
17794
17796
17798
17800
17801
17805
17808
17810
17811
17813
17816
17817
17819
17822
17824
17827
17829
17830
17832
17833
17834
17836
17839
17844
17845
17847
17848
17850
17851
17860
17876
17882
17891
17893
17896
17897
17906
17908
17910
17912
17913
17917
17935
17938
17940
17943
17945
17946
17948
17949
17950
17952
17955
17960
17961
17963
17964
17966
17967
17976
17992
17998
18007
18009
18012
18013
18022
18024
18026
18028
18029
18033
18052
18054
18055
18057
18058
18062
18064
18067
18069
18070
18072
18073
18074
18075
18078
18081
18082
18085
18088
18090
18093
18094
18095
18097
18098
18099
18103
18108
18109
18111
18112
18114
18115
18117
18119
18122
18125
18127
18129
18132
18133
18134
18136
18137
18139
18142
18144
18145
18148
18151
18153
18154
18156
18159
18160
18343
18345
18348
18351
18352
18353
18355
18357
18358
18360
18363
18368
18369
18371
18372
18375
18376
18386
18390
18392
18395
18396
18397
18399
18400
18401
18402
18405
18408
18411
18414
18418
18421
18424
18426
18427
18429
18431
18432
18436
18441
18442
18444
18445
18447
18448
18450
18451
18459
18461
18463
18465
18466
18470
18472
18474
18475
18477
18478
18480
18482
18484
18485
18489
18497
18499
18501
18503
18504
18508
18511
18513
18514
18516
18519
18520
18522
18525
18527
18530
18532
18533
18535
18536
18537
18539
18542
18547
18548
18550
18551
18553
18554
18563
18579
18585
18594
18596
18599
18600
18609
18611
18613
18615
18616
18620
18638
18639
18641
18644
18645
18646
18648
18649
18650
18652
18655
18660
18661
18663
18664
18674
18689
18695
18704
18706
18709
18710
18717
18719
18722
18723
18740
18742
18743
18747
18751
18753
18754
18756
18757
18758
18759
18762
18765
18766
18767
18770
18772
18775
18776
18777
18779
18780
18781
18785
18790
18791
18793
18794
18796
18797
18799
18800
18802
18805
18807
18808
18811
18812
18813
18815
18818
18820
18821
18824
18827
18829
18830
18832
18835
18836
19022
19024
19038
19044
19047
19051
19054
19057
19059
19060
19062
19064
19065
19069
19074
19075
19077
19078
19080
19081
19083
19084
19092
19094
19096
19098
19099
19103
19111
19113
19115
19117
19118
19122
19403
19404
19406
19409
19410
19411
19413
19414
19415
19417
19420
19425
19426
19428
19429
19439
19454
19460
19469
19471
19474
19475
19482
19484
19487
19488
19603
19604
19606
19609
19610
19611
19613
19614
19615
19617
19620
19625
19626
19628
19629
19639
19654
19660
19669
19671
19674
19675
19682
19684
19687
19688
19703
19705
19708
19711
19714
19716
19717
19719
19721
19722
19724
19727
19732
19733
19735
19736
19738
19739
19741
19742
19744
19746
19747
19749
19750
19752
19753
19757
19759
19762
19764
19765
19767
19768
19769
19770
19773
19776
19779
19782
19784
19787
19790
19793
19795
19796
19798
19800
19801
19805
19810
19811
19813
19814
19816
19817
19819
19820
19822
19824
19825
19827
19828
19830
19832
19834
19835
19839
19841
19843
19844
19846
19847
19849
19851
19853
19854
19858
19860
19862
19863
19865
19866
19868
19870
19872
19873
19877
19879
19881
19882
19884
19885
19887
19889
19891
19892
19896
19898
19900
19901
19903
19904
19906
19907
19909
19912
19914
19917
19919
19920
19922
19923
19924
19925
19928
19931
19934
19937
19941
19944
19947
19948
19951
19953
19964
19967
19970
19971
19973
19974
19976
19977
19978
19980
19981
19983
19984
19986
19989
19991
19994
19995
19996
19998
19999
20000
20001
20004
20007
20010
20013
20015
20018
20021
20023
20025
20028
20029
20030
20040
20042
20044
20047
20049
20051
20053
20056
20059
20061
20063
20066
20067
20068
20078
20080
20082
20085
20087
20270
20271
20273
20275
20276
20278
20281
20285
20287
20288
20290
20291
20292
20293
20296
20299
20302
20311
20312
20327
20333
20342
20344
20345
20348
20357
20359
20361
20364
20366
20387
20389
20390
20394
20398
20400
20401
20403
20404
20405
20406
20409
20412
20413
20422
20423
20437
20443
20452
20454
20455
20458
20465
20467
20468
20471
20486
20487
20489
20491
20492
20494
20497
20501
20503
20504
20506
20507
20508
20509
20512
20515
20518
20519
20522
20524
20527
20528
20529
20531
20532
20533
20535
20538
20543
20544
20546
20547
20549
20550
20552
20553
20555
20558
20560
20561
20564
20565
20567
20570
20573
20575
20577
20580
20581
20582
20585
20586
20588
20590
20591
20593
20596
20599
20602
20603
20605
20607
20608
20610
20613
20617
20619
20620
20622
20623
20624
20625
20628
20631
20634
20635
20638
20640
20643
20644
20645
20647
20648
20649
20651
20654
20659
20660
20662
20663
20665
20666
20668
20669
20671
20674
20676
20677
20680
20681
20683
20686
20689
20691
20693
20696
20697
20698
20701
20702
20704
20706
20707
20709
20712
20715
20898
20900
20903
20906
20907
20908
20910
20912
20913
20915
20918
20923
20924
20926
20927
20930
20931
20941
20945
20947
20950
20951
20952
20954
20955
20956
20957
20960
20963
20966
20969
20973
20976
20979
20981
20982
20984
20986
20987
20991
20996
20997
20999
21000
21002
21003
21005
21006
21014
21016
21018
21020
21021
21025
21027
21029
21030
21032
21033
21035
21037
21039
21040
21044
21052
21054
21056
21058
21059
21063
21066
21068
21069
21071
21074
21075
21077
21080
21082
21085
21087
21088
21090
21091
21092
21094
21097
21102
21103
21105
21106
21108
21109
21118
21134
21140
21149
21151
21154
21155
21164
21166
21168
21170
21171
21175
21193
21194
21196
21199
21200
21201
21203
21204
21205
21207
21210
21215
21216
21218
21219
21229
21244
21250
21259
21261
21264
21265
21272
21274
21277
21278
21295
21297
21298
21302
21306
21308
21309
21311
21312
21313
21314
21317
21320
21321
21322
21325
21327
21330
21331
21332
21334
21335
21336
21340
21345
21346
21348
21349
21351
21352
21354
21355
21357
21360
21362
21363
21366
21367
21368
21370
21373
21375
21376
21379
21382
21384
21385
21387
21390
21391
21587
21589
21592
21595
21596
21597
21599
21601
21602
21604
21607
21612
21613
21615
21616
21619
21620
21630
21634
21636
21639
21640
21641
21643
21644
21645
21646
21649
21652
21655
21658
21660
21663
21666
21669
21671
21672
21674
21676
21677
21681
21686
21687
21689
21690
21692
21693
21695
21696
21704
21706
21708
21710
21711
21715
21717
21719
21720
21722
21723
21725
21727
21729
21730
21734
21742
21744
21746
21748
21749
21753
21756
21758
21759
21761
21764
21765
21767
21770
21772
21775
21777
21778
21780
21781
21782
21784
21787
21792
21793
21795
21796
21798
21799
21808
21824
21830
21839
21841
21844
21845
21854
21856
21858
21860
21861
21865
21883
21886
21888
21891
21893
21894
21896
21897
21898
21900
21903
21908
21909
21911
21912
21914
21915
21924
21940
21946
21955
21957
21960
21961
21970
21972
21974
21976
21977
21981
22000
22002
22003
22005
22006
22010
22012
22015
22017
22018
22020
22021
22022
22023
22026
22029
22030
22033
22036
22038
22041
22042
22043
22045
22046
22047
22051
22056
22057
22059
22060
22062
22063
22065
22067
22070
22073
22075
22077
22080
22081
22082
22084
22085
22087
22090
22092
22093
22096
22099
22101
22102
22104
22107
22108
22294
22296
22310
22316
22319
22323
22326
22329
22331
22332
22334
22336
22337
22341
22346
22347
22349
22350
22352
22353
22355
22356
22364
22366
22368
22370
22371
22375
22383
22385
22387
22389
22390
22394
22675
22676
22678
22681
22682
22683
22685
22686
22687
22689
22692
22697
22698
22700
22701
22711
22726
22732
22741
22743
22746
22747
22754
22756
22759
22760
22875
22876
22878
22881
22882
22883
22885
22886
22887
22889
22892
22897
22898
22900
22901
22911
22926
22932
22941
22943
22946
22947
22954
22956
22959
22960
22975
22977
22980
22983
22986
22988
22989
22991
22993
22994
22996
22999
23004
23005
23007
23008
23010
23011
23013
23014
23016
23018
23019
23021
23022
23024
23025
23029
23031
23034
23036
23037
23039
23040
23041
23042
23045
23048
23051
23054
23056
23059
23062
23065
23067
23068
23070
23072
23073
23077
23082
23083
23085
23086
23088
23089
23091
23092
23094
23096
23097
23099
23100
23102
23104
23106
23107
23111
23113
23115
23116
23118
23119
23121
23123
23125
23126
23130
23132
23134
23135
23137
23138
23140
23142
23144
23145
23149
23151
23153
23154
23156
23157
23159
23161
23163
23164
23168
23170
23171
23172
23174
23175
23177
23178
23180
23183
23185
23188
23190
23191
23193
23194
23195
23196
23199
23202
23205
23208
23212
23215
23218
23219
23222
23224
23235
23238
23241
23242
23244
23245
23247
23248
23249
23251
23252
23254
23255
23257
23260
23262
23265
23266
23267
23269
23270
23271
23272
23275
23278
23281
23284
23286
23289
23292
23294
23296
23299
23300
23301
23311
23313
23315
23318
23320
23322
23324
23327
23330
23332
23334
23337
23338
23339
23349
23351
23353
23356
23358
23530
23532
23533
23537
23541
23543
23544
23546
23547
23548
23549
23552
23555
23556
23565
23566
23580
23586
23595
23597
23598
23601
23608
23610
23611
23614
23630
23632
23633
23637
23641
23643
23644
23646
23647
23648
23649
23652
23655
23656
23665
23666
23680
23686
23695
23697
23698
23701
23708
23710
23711
23714
23729
23730
23732
23734
23735
23737
23740
23744
23746
23747
23749
23750
23751
23752
23755
23758
23761
23762
23765
23767
23770
23771
23772
23774
23775
23776
23778
23781
23786
23787
23789
23790
23792
23793
23795
23796
23798
23801
23803
23804
23807
23808
23810
23813
23816
23818
23820
23823
23824
23825
23828
23829
23831
23833
23834
23836
23839
23842
23845
23846
23848
23850
23851
23853
23856
23860
23862
23863
23865
23866
23867
23868
23871
23874
23877
23878
23881
23883
23886
23887
23888
23890
23891
23892
23894
23897
23902
23903
23905
23906
23908
23909
23911
23912
23914
23917
23919
23920
23923
23924
23926
23929
23932
23934
23936
23939
23940
23941
23944
23945
23947
23949
23950
23952
23955
23958
24141
24143
24146
24149
24150
24151
24153
24155
24156
24158
24161
24166
24167
24169
24170
24173
24174
24184
24188
24190
24193
24194
24195
24197
24198
24199
24200
24203
24206
24209
24212
24216
24219
24222
24224
24225
24227
24229
24230
24234
24239
24240
24242
24243
24245
24246
24248
24249
24257
24259
24261
24263
24264
24268
24270
24272
24273
24275
24276
24278
24280
24282
24283
24287
24295
24297
24299
24301
24302
24306
24309
24311
24312
24314
24317
24318
24320
24323
24325
24328
24330
24331
24333
24334
24335
24337
24340
24345
24346
24348
24349
24351
24352
24361
24377
24383
24392
24394
24397
24398
24407
24409
24411
24413
24414
24418
24436
24437
24439
24442
24443
24444
24446
24447
24448
24450
24453
24458
24459
24461
24462
24472
24487
24493
24502
24504
24507
24508
24515
24517
24520
24521
24538
24540
24541
24545
24549
24551
24552
24554
24555
24556
24557
24560
24563
24564
24565
24568
24570
24573
24574
24575
24577
24578
24579
24583
24588
24589
24591
24592
24594
24595
24597
24598
24600
24603
24605
24606
24609
24610
24611
24613
24616
24618
24619
24622
24625
24627
24628
24630
24633
24634
24817
24819
24822
24825
24826
24827
24829
24831
24832
24834
24837
24842
24843
24845
24846
24849
24850
24860
24864
24866
24869
24870
24871
24873
24874
24875
24876
24879
24882
24885
24888
24892
24895
24898
24900
24901
24903
24905
24906
24910
24915
24916
24918
24919
24921
24922
24924
24925
24933
24935
24937
24939
24940
24944
24946
24948
24949
24951
24952
24954
24956
24958
24959
24963
24971
24973
24975
24977
24978
24982
24985
24987
24988
24990
24993
24994
24996
24999
25001
25004
25006
25007
25009
25010
25011
25013
25016
25021
25022
25024
25025
25027
25028
25037
25053
25059
25068
25070
25073
25074
25083
25085
25087
25089
25090
25094
25112
25113
25115
25118
25119
25120
25122
25123
25124
25126
25129
25134
25135
25137
25138
25148
25163
25169
25178
25180
25183
25184
25191
25193
25196
25197
25214
25216
25217
25221
25225
25227
25228
25230
25231
25232
25233
25236
25239
25240
25241
25244
25246
25249
25250
25251
25253
25254
25255
25259
25264
25265
25267
25268
25270
25271
25273
25274
25276
25279
25281
25282
25285
25286
25287
25289
25292
25294
25295
25298
25301
25303
25304
25306
25309
25310
25496
25498
25512
25518
25521
25525
25528
25531
25533
25534
25536
25538
25539
25543
25548
25549
25551
25552
25554
25555
25557
25558
25566
25568
25570
25572
25573
25577
25585
25587
25589
25591
25592
25596
25877
25878
25880
25883
25884
25885
25887
25888
25889
25891
25894
25899
25900
25902
25903
25913
25928
25934
25943
25945
25948
25949
25956
25958
25961
25962
26077
26078
26080
26083
26084
26085
26087
26088
26089
26091
26094
26099
26100
26102
26103
26113
26128
26134
26143
26145
26148
26149
26156
26158
26161
26162
4
3
9
7
10
12
26
15
31
22
51
23
28
27
173
25
34
1961
37
6
40
42
45
78
48
75
53
55
145
58
60
63
137
72
69
52
57
74
77
82
235
88
86
89
91
94
96
109
99
101
106
105
135
104
112
83
115
85
118
1027
123
120
103
128
130
126
133
1043
911
914
142
139
100
147
149
71
152
154
156
172
161
158
20
166
168
164
171
1417
175
191
180
177
183
185
187
68
190
192
194
196
199
233
202
230
205
207
210
840
213
215
218
227
208
224
223
212
229
232
237
240
243
266
260
247
263
381
343
362
242
269
239
272
274
277
310
280
307
283
285
288
290
291
337
295
318
286
301
300
304
306
309
312
317
315
324
320
322
325
314
303
249
339
341
344
348
236
355
353
356
358
360
363
352
226
375
377
379
382
386
580
583
585
612
588
590
591
595
597
600
652
609
606
605
594
611
593
621
637
673
643
657
658
654
608
667
669
671
674
678
696
699
701
728
704
706
707
711
713
716
768
725
722
721
710
727
709
737
753
789
759
773
774
770
724
783
785
787
790
794
812
815
817
844
820
822
823
827
829
832
884
841
838
837
826
843
825
847
848
850
853
869
857
878
872
861
863
867
905
868
927
866
875
852
350
883
881
889
890
886
367
864
898
896
899
901
903
906
895
910
2465
925
153
916
919
922
924
921
928
931
933
960
939
938
942
943
945
948
1000
957
954
953
956
936
941
80
964
966
969
985
983
994
973
977
979
980
1021
984
988
982
991
968
963
999
997
1005
1006
1002
329
1009
1014
1012
1015
1017
1019
1022
1011
1026
1748
1030
134
1032
1035
1038
1040
1037
1
1244
1242
1268
1262
1245
1249
1265
1254
1256
1257
17
1261
1403
1260
1269
1422
1282
1286
1375
1289
1405
1293
1302
1284
1299
1283
1288
1304
1307
1310
1312
1313
1316
1342
1321
1319
1324
1339
1329
1331
1336
1335
1365
1334
1715
1318
1345
1315
1333
1358
1360
1356
1363
1613
1367
1383
1372
1369
1330
1377
1379
1301
1382
1384
1259
1396
1398
1394
1401
1497
1408
1406
1411
1414
1298
1413
1239
1241
1424
1425
1427
1440
1451
1430
1434
1436
1437
1442
1441
1251
1445
1448
3247
1460
1461
1482
1439
1494
1491
1493
1506
1508
1510
1476
1513
1515
1535
1540
1538
1541
1543
1556
1567
1546
1550
1552
1553
1558
1557
1326
1561
1564
24463
1576
1577
1598
1555
1610
1607
1609
1622
1624
1626
1592
1629
1631
1650
24536
1655
1652
1658
1662
24561
1665
1667
1670
1723
1660
1676
1659
1664
959
1682
1685
1686
1688
1691
1706
1704
1695
1709
1699
1701
1745
1705
1760
1703
1712
1690
1717
1722
1720
1729
1725
1679
1730
1719
1678
1700
1739
1737
1740
1746
1742
1675
1749
1041
1751
1757
1754
1756
1956
1958
1959
1985
1979
1962
1966
1982
1971
1973
1974
2134
1978
2120
1977
1986
2139
1999
2003
2092
2006
2122
2010
2019
2001
2016
2000
2005
2021
2024
2027
2029
2030
2033
2036
2038
2052
2041
2056
2046
2048
2053
2096
2082
2051
2059
2035
2062
2032
2050
2075
2077
2073
2080
2330
2084
2100
2089
2086
2047
2094
2474
2018
2099
2101
1976
2113
2115
2111
2118
2214
2125
2123
2128
2131
2015
2130
2136
2137
2141
2142
2144
2157
2168
2147
2151
2153
2154
2159
2158
1968
2162
2165
3047
2177
2178
2199
2156
2211
2208
2210
2223
2225
2227
2193
2230
2232
2252
2257
2255
2258
2260
2273
2284
2263
2267
2269
2270
2275
2274
2043
2278
2281
5577
2293
2294
2315
2272
2327
2324
2326
2339
2341
2343
2309
2346
2348
2367
5650
2372
2369
2377
2379
5675
2382
2384
2387
2440
2396
2393
2376
2381
2375
2399
2402
2403
2405
2408
2423
2412
2432
2426
2417
2418
2462
2422
2477
2421
2429
2407
2434
2439
2437
2446
2442
2444
2447
2436
2395
893
2456
2454
2457
2463
2459
2392
2466
2468
2416
2420
2471
2473
2663
2752
2665
2685
2688
2690
2693
2696
2698
2701
2703
2716
2706
2708
2713
2712
2742
2711
2719
2695
2722
2692
2710
2735
2737
2733
2740
3316
2707
2754
2756
2679
2759
2761
2689
3045
3048
3070
3064
3052
3071
3067
3056
3058
3059
3129
3063
3116
3062
3080
3081
3101
3061
3113
3110
3112
3123
3126
3095
3125
1419
1420
3245
3270
3264
3248
3271
3252
3256
3258
3259
3329
3263
3267
3262
3280
3281
3301
3261
3313
3310
3312
3323
3326
3295
3325
3347
3346
3352
3350
3353
3355
3369
3358
3374
3365
3394
3366
3371
3370
3516
3368
3377
5261
3380
3349
3383
3385
3388
3421
3391
3418
3396
3398
3488
3401
3403
3406
3480
3415
3412
3395
3400
3417
3420
3423
3425
3426
3429
3432
3434
3437
3439
3452
3442
3444
3449
3448
3478
3447
3455
3431
3458
3428
3461
4340
3466
3463
3446
3471
3473
3469
3476
4356
4224
4227
3485
3482
3443
3490
3492
3414
3495
3497
3499
3515
3504
3501
3363
3509
3511
3507
3514
4730
3518
3534
3523
3520
3526
3528
3530
3411
3533
3535
3537
3909
3541
3575
3544
3572
3550
3549
3552
4153
3555
3557
3560
3698
3569
3566
3565
3554
3547
3574
3577
3579
3582
3585
3602
3589
3605
3723
3685
3608
3584
3611
3581
3614
3616
3619
3652
3622
3649
3625
3627
3630
4269
3633
3679
3637
3646
3628
3643
3642
3632
3648
3651
3654
3659
3666
3660
3662
3664
3667
3657
3645
3591
3681
3683
3686
3690
3578
3697
3695
3704
3700
3702
3705
3694
3568
3717
3719
3721
3724
3728
3910
3912
3917
3919
3921
3923
3926
3975
3935
3932
3916
3920
3915
3571
3945
3960
3993
3966
3980
3981
3977
3934
3988
3994
3990
3931
4009
4012
4014
4041
4017
4019
4020
4024
4026
4029
4081
4038
4035
4034
4023
4040
4022
4050
4066
4102
4072
4086
4087
4083
4037
4096
4098
4100
4103
4107
4125
4128
4130
4157
4133
4135
4136
4140
4142
4145
4197
4154
4151
4150
4139
4156
4138
4160
4161
4163
4166
4182
4170
4191
4185
4174
4176
4180
4218
4181
4240
4179
4188
4165
3692
4196
4194
4202
4203
4199
3709
4177
4211
4209
4212
4214
4216
4219
4208
4223
5737
4238
3496
4229
4232
4235
4237
4234
4241
4244
4246
4273
4249
4251
4252
4256
4258
4261
4313
4270
4267
4266
4255
4272
4254
4276
4277
4279
4282
4298
4296
4307
4286
4290
4292
4293
4334
4297
4301
4295
4304
4281
3656
4312
4310
4318
4319
4315
3671
4322
4327
4325
4328
4330
4332
4335
4324
4339
5061
4343
3477
4345
4348
4351
4353
4350
3344
4557
4555
4581
4575
4558
4562
4578
4567
4569
4570
3360
4574
4716
4573
4582
4735
4595
4599
4688
4602
4718
4606
4615
4597
4612
4596
4601
4617
4620
4623
4625
4626
4629
4655
4634
4632
4637
4652
4642
4644
4649
4648
4678
4647
5028
4631
4658
4628
4646
4671
4673
4669
4676
4926
4680
4696
4685
4682
4643
4690
4692
4614
4695
4697
4572
4709
4711
4707
4714
4810
4721
4719
4724
4727
4611
4726
4552
4554
4737
4738
4740
4753
4764
4743
4747
4749
4750
4755
4754
4564
4758
4761
6519
4773
4774
4795
4752
4807
4804
4806
4819
4821
4823
4789
4826
4828
4848
4853
4851
4854
4856
4869
4880
4859
4863
4865
4866
4871
4870
4639
4874
4877
8132
4889
4890
4911
4868
4923
4920
4922
4935
4937
4939
4905
4942
4944
4963
8205
4968
4965
4973
4975
8230
4978
4980
4983
5036
4992
4989
4972
4977
4971
4995
4998
4999
5001
5004
5019
5017
5008
5022
5012
5014
5058
5018
5073
5016
5025
5003
5030
5035
5033
5042
5038
5040
5043
5032
4991
5013
5052
5050
5053
5059
5055
4988
5062
4354
5064
5070
5067
5069
5256
5258
5259
5285
5279
5262
5266
5282
5271
5273
5274
5433
5278
5419
5277
5286
5438
5299
5303
5391
5306
5421
5310
5319
5301
5316
5300
5305
5321
5324
5327
5329
5332
5358
5337
5335
5340
5355
5345
5347
5352
5351
5381
5350
5710
5334
5361
5331
5349
5374
5376
5372
5379
5623
5383
5399
5388
5385
5346
5393
5395
5318
5398
5400
5276
5412
5414
5410
5417
5513
5424
5422
5427
5430
5315
5429
5435
5436
5440
5441
5443
5456
5467
5446
5450
5452
5453
5458
5457
5268
5461
5464
6319
5476
5477
5498
5455
5510
5507
5509
5522
5524
5526
5492
5529
5531
2253
5552
5554
5555
5571
5569
5578
5559
5563
5565
5566
5636
5570
5342
5574
5587
5588
5608
5568
5620
5617
5619
5630
5633
5602
5632
2400
5651
5653
5658
5662
5664
5667
5716
5676
5673
5657
5661
5656
5660
5328
5681
5683
5686
5701
5699
5690
5704
5695
5696
5734
5700
5749
5698
5707
5685
5680
5715
5713
5721
5722
5718
2451
4206
5728
5726
5729
5735
5731
5672
5738
5740
5694
5746
5743
5745
5935
6024
5937
5957
5960
5962
5965
5968
5970
5973
5975
5988
5978
5980
5985
5984
6014
5983
5991
5967
5994
5964
5982
6007
6009
6005
6012
6588
5979
6026
6028
5951
6031
6033
5961
6317
6320
6342
6336
6324
6343
6339
6328
6330
6331
6401
6335
6388
6334
6352
6353
6373
6333
6385
6382
6384
6395
6398
6367
6397
4732
4733
6517
6542
6536
6520
6543
6524
6528
6530
6531
6601
6535
6539
6534
6552
6553
6573
6533
6585
6582
6584
6595
6598
6567
6597
6619
6618
6624
6622
6625
6627
6641
6630
6646
6637
6666
6638
6643
6642
6788
6640
6649
8505
6652
6621
6655
6657
6660
6693
6663
6690
6668
6670
6760
6673
6675
6678
6752
6687
6684
6667
6672
6689
6692
6697
6850
6703
6701
6704
6706
6709
6711
6724
6714
6716
6721
6720
6750
6719
6727
6698
6730
6700
6733
7612
6738
6735
6718
6743
6745
6741
6748
7628
7496
7499
6757
6754
6715
6762
6764
6686
6767
6769
6771
6787
6776
6773
6635
6781
6783
6779
6786
7988
6790
6806
6795
6792
6798
6800
6802
6683
6805
6807
6809
6811
6814
6848
6817
6845
6820
6822
6825
7425
6828
6830
6833
6842
6823
6839
6838
6827
6844
6847
6852
6855
6858
6881
6875
6862
6878
6995
6957
6976
6857
6884
6854
6887
7297
6891
6924
6894
6921
6900
6899
6902
7541
6905
6951
6909
6932
6918
6915
6914
6904
6897
6923
6926
6931
6929
6938
6934
6936
6939
6928
6917
6864
6953
6955
6958
6962
6851
6969
6967
6970
6972
6974
6977
6966
6841
6989
6991
6993
6996
7000
7181
7184
7186
7213
7189
7191
7192
7196
7198
7201
7253
7210
7207
7206
7195
7212
7194
7222
7238
7274
7244
7258
7259
7255
7209
7268
7270
7272
7275
7279
7298
7300
7305
7307
7309
7311
7314
7363
7323
7320
7304
7308
7303
6920
7333
7348
7381
7354
7368
7369
7365
7322
7376
7382
7378
7319
7397
7400
7402
7429
7405
7407
7408
7412
7414
7417
7469
7426
7423
7422
7411
7428
7410
7432
7433
7435
7438
7454
7442
7463
7457
7446
7448
7452
7490
7453
7512
7451
7460
7437
6964
7468
7466
7474
7475
7471
6981
7449
7483
7481
7484
7486
7488
7491
7480
7495
9009
7510
6768
7501
7504
7507
7509
7506
7513
7516
7518
7545
7521
7523
7524
7528
7530
7533
7585
7542
7539
7538
7527
7544
7526
6695
7549
7551
7554
7570
7568
7579
7558
7562
7564
7565
7606
7569
7573
7567
7576
7553
7548
7584
7582
7590
7591
7587
6943
7594
7599
7597
7600
7602
7604
7607
7596
7611
8292
7615
6749
7617
7620
7623
7625
7622
6616
7816
7814
7840
7834
7817
7821
7837
7826
7828
7829
6632
7833
7974
7832
7841
7993
7854
7858
7946
7861
7976
7865
7874
7856
7871
7855
7860
7876
7879
7882
7884
7887
7913
7892
7890
7895
7910
7900
7902
7907
7906
7936
7905
8265
7889
7916
7886
7904
7929
7931
7927
7934
8178
7938
7954
7943
7940
7901
7948
7950
7873
7953
7955
7831
7967
7969
7965
7972
8068
7979
7977
7982
7985
7870
7984
7811
7813
7995
7996
7998
8011
8022
8001
8005
8007
8008
8013
8012
7823
8016
8019
9791
8031
8032
8053
8010
8065
8062
8064
8077
8079
8081
8047
8084
8086
4849
8107
8109
8110
8126
8124
8133
8114
8118
8120
8121
8191
8125
7897
8129
8142
8143
8163
8123
8175
8172
8174
8185
8188
8157
8187
4996
8206
8208
8213
8217
8219
8222
8271
8231
8228
8212
8216
8211
8215
7883
8236
8238
8241
8256
8254
8245
8259
8249
8251
8289
8255
8304
8253
8262
8240
8235
8270
8268
8276
8277
8273
5047
8250
8283
8281
8284
8290
8286
8227
8293
7626
8295
8301
8298
8300
8500
8502
8503
8529
8523
8506
8510
8526
8515
8517
8518
8678
8522
8664
8521
8530
8683
8543
8547
8636
8550
8666
8554
8563
8545
8560
8544
8549
8565
8568
8571
8573
8574
8577
8580
8582
8596
8585
8600
8590
8592
8597
8640
8626
8595
8603
8579
8606
8576
8594
8619
8621
8617
8624
8874
8628
8644
8633
8630
8591
8638
9018
8562
8643
8645
8520
8657
8659
8655
8662
8758
8669
8667
8672
8675
8559
8674
8680
8681
8685
8686
8688
8701
8712
8691
8695
8697
8698
8703
8702
8512
8706
8709
9591
8721
8722
8743
8700
8755
8752
8754
8767
8769
8771
8737
8774
8776
8796
8801
8799
8802
8804
8817
8828
8807
8811
8813
8814
8819
8818
8587
8822
8825
12121
8837
8838
8859
8816
8871
8868
8870
8883
8885
8887
8853
8890
8892
8911
12194
8916
8913
8921
8923
12219
8926
8928
8931
8984
8940
8937
8920
8925
8919
8943
8946
8947
8949
8952
8967
8956
8976
8970
8961
8962
9006
8966
9021
8965
8973
8951
8978
8983
8981
8990
8986
8988
8991
8980
8939
7478
9000
8998
9001
9007
9003
8936
9010
9012
8960
8964
9015
9017
9207
9296
9209
9229
9232
9234
9237
9240
9242
9245
9247
9260
9250
9252
9257
9256
9286
9255
9263
9239
9266
9236
9254
9279
9281
9277
9284
9860
9251
9298
9300
9223
9303
9305
9233
9589
9592
9614
9608
9596
9615
9611
9600
9602
9603
9673
9607
9660
9606
9624
9625
9645
9605
9657
9654
9656
9667
9670
9639
9669
7990
7991
9789
9814
9808
9792
9815
9796
9800
9802
9803
9873
9807
9811
9806
9824
9825
9845
9805
9857
9854
9856
9867
9870
9839
9869
9891
9890
9896
9894
9897
9899
9913
9902
9918
9909
9938
9910
9915
9914
10060
9912
9921
11805
9924
9893
9927
9929
9932
9965
9935
9962
9940
9942
10032
9945
9947
9950
10024
9959
9956
9939
9944
9961
9964
9967
9969
9970
9973
9976
9978
9981
9983
9996
9986
9988
9993
9992
10022
9991
9999
9975
10002
9972
10005
10884
10010
10007
9990
10015
10017
10013
10020
10900
10768
10771
10029
10026
9987
10034
10036
9958
10039
10041
10043
10059
10048
10045
9907
10053
10055
10051
10058
11274
10062
10078
10067
10064
10070
10072
10074
9955
10077
10079
10081
10453
10085
10119
10088
10116
10094
10093
10096
10697
10099
10101
10104
10242
10113
10110
10109
10098
10091
10118
10121
10123
10126
10129
10146
10133
10149
10267
10229
10152
10128
10155
10125
10158
10160
10163
10196
10166
10193
10169
10171
10174
10813
10177
10223
10181
10190
10172
10187
10186
10176
10192
10195
10198
10203
10210
10204
10206
10208
10211
10201
10189
10135
10225
10227
10230
10234
10122
10241
10239
10248
10244
10246
10249
10238
10112
10261
10263
10265
10268
10272
10454
10456
10461
10463
10465
10467
10470
10519
10479
10476
10460
10464
10459
10115
10489
10504
10537
10510
10524
10525
10521
10478
10532
10538
10534
10475
10553
10556
10558
10585
10561
10563
10564
10568
10570
10573
10625
10582
10579
10578
10567
10584
10566
10594
10610
10646
10616
10630
10631
10627
10581
10640
10642
10644
10647
10651
10669
10672
10674
10701
10677
10679
10680
10684
10686
10689
10741
10698
10695
10694
10683
10700
10682
10704
10705
10707
10710
10726
10714
10735
10729
10718
10720
10724
10762
10725
10784
10723
10732
10709
10236
10740
10738
10746
10747
10743
10253
10721
10755
10753
10756
10758
10760
10763
10752
10767
12281
10782
10040
10773
10776
10779
10781
10778
10785
10788
10790
10817
10793
10795
10796
10800
10802
10805
10857
10814
10811
10810
10799
10816
10798
10820
10821
10823
10826
10842
10840
10851
10830
10834
10836
10837
10878
10841
10845
10839
10848
10825
10200
10856
10854
10862
10863
10859
10215
10866
10871
10869
10872
10874
10876
10879
10868
10883
11605
10887
10021
10889
10892
10895
10897
10894
9888
11101
11099
11125
11119
11102
11106
11122
11111
11113
11114
9904
11118
11260
11117
11126
11279
11139
11143
11232
11146
11262
11150
11159
11141
11156
11140
11145
11161
11164
11167
11169
11170
11173
11199
11178
11176
11181
11196
11186
11188
11193
11192
11222
11191
11572
11175
11202
11172
11190
11215
11217
11213
11220
11470
11224
11240
11229
11226
11187
11234
11236
11158
11239
11241
11116
11253
11255
11251
11258
11354
11265
11263
11268
11271
11155
11270
11096
11098
11281
11282
11284
11297
11308
11287
11291
11293
11294
11299
11298
11108
11302
11305
13063
11317
11318
11339
11296
11351
11348
11350
11363
11365
11367
11333
11370
11372
11392
11397
11395
11398
11400
11413
11424
11403
11407
11409
11410
11415
11414
11183
11418
11421
14676
11433
11434
11455
11412
11467
11464
11466
11479
11481
11483
11449
11486
11488
11507
14749
11512
11509
11517
11519
14774
11522
11524
11527
11580
11536
11533
11516
11521
11515
11539
11542
11543
11545
11548
11563
11561
11552
11566
11556
11558
11602
11562
11617
11560
11569
11547
11574
11579
11577
11586
11582
11584
11587
11576
11535
11557
11596
11594
11597
11603
11599
11532
11606
10898
11608
11614
11611
11613
11800
11802
11803
11829
11823
11806
11810
11826
11815
11817
11818
11977
11822
11963
11821
11830
11982
11843
11847
11935
11850
11965
11854
11863
11845
11860
11844
11849
11865
11868
11871
11873
11876
11902
11881
11879
11884
11899
11889
11891
11896
11895
11925
11894
12254
11878
11905
11875
11893
11918
11920
11916
11923
12167
11927
11943
11932
11929
11890
11937
11939
11862
11942
11944
11820
11956
11958
11954
11961
12057
11968
11966
11971
11974
11859
11973
11979
11980
11984
11985
11987
12000
12011
11990
11994
11996
11997
12002
12001
11812
12005
12008
12863
12020
12021
12042
11999
12054
12051
12053
12066
12068
12070
12036
12073
12075
8797
12096
12098
12099
12115
12113
12122
12103
12107
12109
12110
12180
12114
11886
12118
12131
12132
12152
12112
12164
12161
12163
12174
12177
12146
12176
8944
12195
12197
12202
12206
12208
12211
12260
12220
12217
12201
12205
12200
12204
11872
12225
12227
12230
12245
12243
12234
12248
12239
12240
12278
12244
12293
12242
12251
12229
12224
12259
12257
12265
12266
12262
8995
10750
12272
12270
12273
12279
12275
12216
12282
12284
12238
12290
12287
12289
12479
12568
12481
12501
12504
12506
12509
12512
12514
12517
12519
12532
12522
12524
12529
12528
12558
12527
12535
12511
12538
12508
12526
12551
12553
12549
12556
13132
12523
12570
12572
12495
12575
12577
12505
12861
12864
12886
12880
12868
12887
12883
12872
12874
12875
12945
12879
12932
12878
12896
12897
12917
12877
12929
12926
12928
12939
12942
12911
12941
11276
11277
13061
13086
13080
13064
13087
13068
13072
13074
13075
13145
13079
13083
13078
13096
13097
13117
13077
13129
13126
13128
13139
13142
13111
13141
13163
13162
13168
13166
13169
13171
13185
13174
13190
13181
13210
13182
13187
13186
13332
13184
13193
15049
13196
13165
13199
13201
13204
13237
13207
13234
13212
13214
13304
13217
13219
13222
13296
13231
13228
13211
13216
13233
13236
13241
13394
13247
13245
13248
13250
13253
13255
13268
13258
13260
13265
13264
13294
13263
13271
13242
13274
13244
13277
14156
13282
13279
13262
13287
13289
13285
13292
14172
14040
14043
13301
13298
13259
13306
13308
13230
13311
13313
13315
13331
13320
13317
13179
13325
13327
13323
13330
14532
13334
13350
13339
13336
13342
13344
13346
13227
13349
13351
13353
13355
13358
13392
13361
13389
13364
13366
13369
13969
13372
13374
13377
13386
13367
13383
13382
13371
13388
13391
13396
13399
13402
13425
13419
13406
13422
13539
13501
13520
13401
13428
13398
13431
13841
13435
13468
13438
13465
13444
13443
13446
14085
13449
13495
13453
13476
13462
13459
13458
13448
13441
13467
13470
13475
13473
13482
13478
13480
13483
13472
13461
13408
13497
13499
13502
13506
13395
13513
13511
13514
13516
13518
13521
13510
13385
13533
13535
13537
13540
13544
13725
13728
13730
13757
13733
13735
13736
13740
13742
13745
13797
13754
13751
13750
13739
13756
13738
13766
13782
13818
13788
13802
13803
13799
13753
13812
13814
13816
13819
13823
13842
13844
13849
13851
13853
13855
13858
13907
13867
13864
13848
13852
13847
13464
13877
13892
13925
13898
13912
13913
13909
13866
13920
13926
13922
13863
13941
13944
13946
13973
13949
13951
13952
13956
13958
13961
14013
13970
13967
13966
13955
13972
13954
13976
13977
13979
13982
13998
13986
14007
14001
13990
13992
13996
14034
13997
14056
13995
14004
13981
13508
14012
14010
14018
14019
14015
13525
13993
14027
14025
14028
14030
14032
14035
14024
14039
15553
14054
13312
14045
14048
14051
14053
14050
14057
14060
14062
14089
14065
14067
14068
14072
14074
14077
14129
14086
14083
14082
14071
14088
14070
13239
14093
14095
14098
14114
14112
14123
14102
14106
14108
14109
14150
14113
14117
14111
14120
14097
14092
14128
14126
14134
14135
14131
13487
14138
14143
14141
14144
14146
14148
14151
14140
14155
14836
14159
13293
14161
14164
14167
14169
14166
13160
14360
14358
14384
14378
14361
14365
14381
14370
14372
14373
13176
14377
14518
14376
14385
14537
14398
14402
14490
14405
14520
14409
14418
14400
14415
14399
14404
14420
14423
14426
14428
14431
14457
14436
14434
14439
14454
14444
14446
14451
14450
14480
14449
14809
14433
14460
14430
14448
14473
14475
14471
14478
14722
14482
14498
14487
14484
14445
14492
14494
14417
14497
14499
14375
14511
14513
14509
14516
14612
14523
14521
14526
14529
14414
14528
14355
14357
14539
14540
14542
14555
14566
14545
14549
14551
14552
14557
14556
14367
14560
14563
16335
14575
14576
14597
14554
14609
14606
14608
14621
14623
14625
14591
14628
14630
11393
14651
14653
14654
14670
14668
14677
14658
14662
14664
14665
14735
14669
14441
14673
14686
14687
14707
14667
14719
14716
14718
14729
14732
14701
14731
11540
14750
14752
14757
14761
14763
14766
14815
14775
14772
14756
14760
14755
14759
14427
14780
14782
14785
14800
14798
14789
14803
14793
14795
14833
14799
14848
14797
14806
14784
14779
14814
14812
14820
14821
14817
11591
14794
14827
14825
14828
14834
14830
14771
14837
14170
14839
14845
14842
14844
15044
15046
15047
15073
15067
15050
15054
15070
15059
15061
15062
15222
15066
15208
15065
15074
15227
15087
15091
15180
15094
15210
15098
15107
15089
15104
15088
15093
15109
15112
15115
15117
15118
15121
15124
15126
15140
15129
15144
15134
15136
15141
15184
15170
15139
15147
15123
15150
15120
15138
15163
15165
15161
15168
15418
15172
15188
15177
15174
15135
15182
15562
15106
15187
15189
15064
15201
15203
15199
15206
15302
15213
15211
15216
15219
15103
15218
15224
15225
15229
15230
15232
15245
15256
15235
15239
15241
15242
15247
15246
15056
15250
15253
16135
15265
15266
15287
15244
15299
15296
15298
15311
15313
15315
15281
15318
15320
15340
15345
15343
15346
15348
15361
15372
15351
15355
15357
15358
15363
15362
15131
15366
15369
18665
15381
15382
15403
15360
15415
15412
15414
15427
15429
15431
15397
15434
15436
15455
18738
15460
15457
15465
15467
18763
15470
15472
15475
15528
15484
15481
15464
15469
15463
15487
15490
15491
15493
15496
15511
15500
15520
15514
15505
15506
15550
15510
15565
15509
15517
15495
15522
15527
15525
15534
15530
15532
15535
15524
15483
14022
15544
15542
15545
15551
15547
15480
15554
15556
15504
15508
15559
15561
15751
15840
15753
15773
15776
15778
15781
15784
15786
15789
15791
15804
15794
15796
15801
15800
15830
15799
15807
15783
15810
15780
15798
15823
15825
15821
15828
16404
15795
15842
15844
15767
15847
15849
15777
16133
16136
16158
16152
16140
16159
16155
16144
16146
16147
16217
16151
16204
16150
16168
16169
16189
16149
16201
16198
16200
16211
16214
16183
16213
14534
14535
16333
16358
16352
16336
16359
16340
16344
16346
16347
16417
16351
16355
16350
16368
16369
16389
16349
16401
16398
16400
16411
16414
16383
16413
16435
16434
16440
16438
16441
16443
16457
16446
16462
16453
16482
16454
16459
16458
16604
16456
16465
18349
16468
16437
16471
16473
16476
16509
16479
16506
16484
16486
16576
16489
16491
16494
16568
16503
16500
16483
16488
16505
16508
16511
16513
16514
16517
16520
16522
16525
16527
16540
16530
16532
16537
16536
16566
16535
16543
16519
16546
16516
16549
17428
16554
16551
16534
16559
16561
16557
16564
17444
17312
17315
16573
16570
16531
16578
16580
16502
16583
16585
16587
16603
16592
16589
16451
16597
16599
16595
16602
17818
16606
16622
16611
16608
16614
16616
16618
16499
16621
16623
16625
16997
16629
16663
16632
16660
16638
16637
16640
17241
16643
16645
16648
16786
16657
16654
16653
16642
16635
16662
16665
16667
16670
16673
16690
16677
16693
16811
16773
16696
16672
16699
16669
16702
16704
16707
16740
16710
16737
16713
16715
16718
17357
16721
16767
16725
16734
16716
16731
16730
16720
16736
16739
16742
16747
16754
16748
16750
16752
16755
16745
16733
16679
16769
16771
16774
16778
16666
16785
16783
16792
16788
16790
16793
16782
16656
16805
16807
16809
16812
16816
16998
17000
17005
17007
17009
17011
17014
17063
17023
17020
17004
17008
17003
16659
17033
17048
17081
17054
17068
17069
17065
17022
17076
17082
17078
17019
17097
17100
17102
17129
17105
17107
17108
17112
17114
17117
17169
17126
17123
17122
17111
17128
17110
17138
17154
17190
17160
17174
17175
17171
17125
17184
17186
17188
17191
17195
17213
17216
17218
17245
17221
17223
17224
17228
17230
17233
17285
17242
17239
17238
17227
17244
17226
17248
17249
17251
17254
17270
17258
17279
17273
17262
17264
17268
17306
17269
17328
17267
17276
17253
16780
17284
17282
17290
17291
17287
16797
17265
17299
17297
17300
17302
17304
17307
17296
17311
18825
17326
16584
17317
17320
17323
17325
17322
17329
17332
17334
17361
17337
17339
17340
17344
17346
17349
17401
17358
17355
17354
17343
17360
17342
17364
17365
17367
17370
17386
17384
17395
17374
17378
17380
17381
17422
17385
17389
17383
17392
17369
16744
17400
17398
17406
17407
17403
16759
17410
17415
17413
17416
17418
17420
17423
17412
17427
18149
17431
16565
17433
17436
17439
17441
17438
16432
17645
17643
17669
17663
17646
17650
17666
17655
17657
17658
16448
17662
17804
17661
17670
17823
17683
17687
17776
17690
17806
17694
17703
17685
17700
17684
17689
17705
17708
17711
17713
17714
17717
17743
17722
17720
17725
17740
17730
17732
17737
17736
17766
17735
18116
17719
17746
17716
17734
17759
17761
17757
17764
18014
17768
17784
17773
17770
17731
17778
17780
17702
17783
17785
17660
17797
17799
17795
17802
17898
17809
17807
17812
17815
17699
17814
17640
17642
17825
17826
17828
17841
17852
17831
17835
17837
17838
17843
17842
17652
17846
17849
19607
17861
17862
17883
17840
17895
17892
17894
17907
17909
17911
17877
17914
17916
17936
17941
17939
17942
17944
17957
17968
17947
17951
17953
17954
17959
17958
17727
17962
17965
21220
17977
17978
17999
17956
18011
18008
18010
18023
18025
18027
17993
18030
18032
18051
21293
18056
18053
18061
18063
21318
18066
18068
18071
18124
18080
18077
18060
18065
18059
18083
18086
18087
18089
18092
18107
18105
18096
18110
18100
18102
18146
18106
18161
18104
18113
18091
18118
18123
18121
18130
18126
18128
18131
18120
18079
18101
18140
18138
18141
18147
18143
18076
18150
17442
18152
18158
18155
18157
18344
18346
18347
18373
18367
18350
18354
18370
18359
18361
18362
18521
18366
18507
18365
18374
18526
18387
18391
18479
18394
18509
18398
18407
18389
18404
18388
18393
18409
18412
18415
18417
18420
18446
18425
18423
18428
18443
18433
18435
18440
18439
18469
18438
18798
18422
18449
18419
18437
18462
18464
18460
18467
18711
18471
18487
18476
18473
18434
18481
18483
18406
18486
18488
18364
18500
18502
18498
18505
18601
18512
18510
18515
18518
18403
18517
18523
18524
18528
18529
18531
18544
18555
18534
18538
18540
18541
18546
18545
18356
18549
18552
19407
18564
18565
18586
18543
18598
18595
18597
18610
18612
18614
18580
18617
18619
15341
18640
18642
18643
18659
18657
18666
18647
18651
18653
18654
18724
18658
18430
18662
18675
18676
18696
18656
18708
18705
18707
18718
18721
18690
18720
15488
18739
18741
18746
18750
18752
18755
18804
18764
18761
18745
18749
18744
18748
18416
18769
18771
18774
18789
18787
18778
18792
18783
18784
18822
18788
18837
18786
18795
18773
18768
18803
18801
18809
18810
18806
15539
17294
18816
18814
18817
18823
18819
18760
18826
18828
18782
18834
18831
18833
19023
19112
19025
19045
19048
19050
19053
19056
19058
19061
19063
19076
19066
19068
19073
19072
19102
19071
19079
19055
19082
19052
19070
19095
19097
19093
19100
19676
19067
19114
19116
19039
19119
19121
19049
19405
19408
19430
19424
19412
19431
19427
19416
19418
19419
19489
19423
19476
19422
19440
19441
19461
19421
19473
19470
19472
19483
19486
19455
19485
17820
17821
19605
19630
19624
19608
19631
19612
19616
19618
19619
19689
19623
19627
19622
19640
19641
19661
19621
19673
19670
19672
19683
19686
19655
19685
19707
19706
19712
19710
19713
19715
19729
19718
19734
19725
19754
19726
19731
19730
19876
19728
19737
21593
19740
19709
19743
19745
19748
19781
19751
19778
19756
19758
19848
19761
19763
19766
19840
19775
19772
19755
19760
19777
19780
19785
19938
19791
19789
19792
19794
19797
19799
19812
19802
19804
19809
19808
19838
19807
19815
19786
19818
19788
19821
20700
19826
19823
19806
19831
19833
19829
19836
20716
20584
20587
19845
19842
19803
19850
19852
19774
19855
19857
19859
19875
19864
19861
19723
19869
19871
19867
19874
21076
19878
19894
19883
19880
19886
19888
19890
19771
19893
19895
19897
19899
19902
19936
19905
19933
19908
19910
19913
20513
19916
19918
19921
19930
19911
19927
19926
19915
19932
19935
19940
19943
19946
19969
19963
19950
19966
20083
20045
20064
19945
19972
19942
19975
20385
19979
20012
19982
20009
19988
19987
19990
20629
19993
20039
19997
20020
20006
20003
20002
19992
19985
20011
20014
20019
20017
20026
20022
20024
20027
20016
20005
19952
20041
20043
20046
20050
19939
20057
20055
20058
20060
20062
20065
20054
19929
20077
20079
20081
20084
20088
20269
20272
20274
20301
20277
20279
20280
20284
20286
20289
20341
20298
20295
20294
20283
20300
20282
20310
20326
20362
20332
20346
20347
20343
20297
20356
20358
20360
20363
20367
20386
20388
20393
20395
20397
20399
20402
20451
20411
20408
20392
20396
20391
20008
20421
20436
20469
20442
20456
20457
20453
20410
20464
20470
20466
20407
20485
20488
20490
20517
20493
20495
20496
20500
20502
20505
20557
20514
20511
20510
20499
20516
20498
20520
20521
20523
20526
20542
20530
20551
20545
20534
20536
20540
20578
20541
20600
20539
20548
20525
20052
20556
20554
20562
20563
20559
20069
20537
20571
20569
20572
20574
20576
20579
20568
20583
22097
20598
19856
20589
20592
20595
20597
20594
20601
20604
20606
20633
20609
20611
20612
20616
20618
20621
20673
20630
20627
20626
20615
20632
20614
19783
20637
20639
20642
20658
20656
20667
20646
20650
20652
20653
20694
20657
20661
20655
20664
20641
20636
20672
20670
20678
20679
20675
20031
20682
20687
20685
20688
20690
20692
20695
20684
20699
21380
20703
19837
20705
20708
20711
20713
20710
19704
20904
20902
20928
20922
20905
20909
20925
20914
20916
20917
19720
20921
21062
20920
20929
21081
20942
20946
21034
20949
21064
20953
20962
20944
20959
20943
20948
20964
20967
20970
20972
20975
21001
20980
20978
20983
20998
20988
20990
20995
20994
21024
20993
21353
20977
21004
20974
20992
21017
21019
21015
21022
21266
21026
21042
21031
21028
20989
21036
21038
20961
21041
21043
20919
21055
21057
21053
21060
21156
21067
21065
21070
21073
20958
21072
20899
20901
21083
21084
21086
21099
21110
21089
21093
21095
21096
21101
21100
20911
21104
21107
22879
21119
21120
21141
21098
21153
21150
21152
21165
21167
21169
21135
21172
21174
17937
21195
21197
21198
21214
21212
21221
21202
21206
21208
21209
21279
21213
20985
21217
21230
21231
21251
21211
21263
21260
21262
21273
21276
21245
21275
18084
21294
21296
21301
21305
21307
21310
21359
21319
21316
21300
21304
21299
21303
20971
21324
21326
21329
21344
21342
21333
21347
21337
21339
21377
21343
21392
21341
21350
21328
21323
21358
21356
21364
21365
21361
18135
21338
21371
21369
21372
21378
21374
21315
21381
20714
21383
21389
21386
21388
21588
21590
21591
21617
21611
21594
21598
21614
21603
21605
21606
21766
21610
21752
21609
21618
21771
21631
21635
21724
21638
21754
21642
21651
21633
21648
21632
21637
21653
21656
21659
21661
21662
21665
21668
21670
21684
21673
21688
21678
21680
21685
21728
21714
21683
21691
21667
21694
21664
21682
21707
21709
21705
21712
21962
21716
21732
21721
21718
21679
21726
22106
21650
21731
21733
21608
21745
21747
21743
21750
21846
21757
21755
21760
21763
21647
21762
21768
21769
21773
21774
21776
21789
21800
21779
21783
21785
21786
21791
21790
21600
21794
21797
22679
21809
21810
21831
21788
21843
21840
21842
21855
21857
21859
21825
21862
21864
21884
21889
21887
21890
21892
21905
21916
21895
21899
21901
21902
21907
21906
21675
21910
21913
25139
21925
21926
21947
21904
21959
21956
21958
21971
21973
21975
21941
21978
21980
21999
25212
22004
22001
22009
22011
25237
22014
22016
22019
22072
22028
22025
22008
22013
22007
22031
22034
22035
22037
22040
22055
22044
22064
22058
22049
22050
22094
22054
22109
22053
22061
22039
22066
22071
22069
22078
22074
22076
22079
22068
22027
20566
22088
22086
22089
22095
22091
22024
22098
22100
22048
22052
22103
22105
22295
22384
22297
22317
22320
22322
22325
22328
22330
22333
22335
22348
22338
22340
22345
22344
22374
22343
22351
22327
22354
22324
22342
22367
22369
22365
22372
22948
22339
22386
22388
22311
22391
22393
22321
22677
22680
22702
22696
22684
22703
22699
22688
22690
22691
22761
22695
22748
22694
22712
22713
22733
22693
22745
22742
22744
22755
22758
22727
22757
21078
21079
22877
22902
22896
22880
22903
22884
22888
22890
22891
22961
22895
22899
22894
22912
22913
22933
22893
22945
22942
22944
22955
22958
22927
22957
22979
22978
22984
22982
22985
22987
22990
23012
23006
22995
22997
22998
23003
23002
23148
23001
23009
24823
24171
22981
23015
23017
23020
23053
23023
23050
23026
23030
23120
23033
23035
23038
23047
23028
23044
23027
23032
23049
23052
23058
23057
23063
23061
23064
23066
23069
23071
23084
23074
23076
23081
23080
23110
23079
23087
23766
23090
23060
23093
23943
23098
23095
23078
23103
23105
23101
23108
23959
23112
23827
23117
23114
23075
23122
23124
23046
23127
23129
23131
23147
23136
23133
23000
23141
23143
23139
23146
24319
23150
23166
23155
23152
23158
23160
23162
23043
23165
23167
23169
23528
23173
23207
23176
23204
23182
23181
23184
23756
23187
23189
23192
23329
23201
23198
23197
23186
23179
23206
23209
23211
23214
23217
23234
23221
23237
23354
23316
23240
23216
23243
23213
23246
23628
23250
23283
23253
23280
23259
23258
23261
23872
23264
23310
23268
23291
23277
23274
23273
23263
23256
23282
23285
23290
23288
23297
23293
23295
23298
23287
23276
23223
23312
23314
23317
23321
23210
23328
23326
23335
23331
23333
23336
23325
23200
23348
23350
23352
23355
23359
23529
23531
23536
23538
23540
23542
23545
23594
23554
23551
23535
23539
23534
23203
23564
23579
23612
23585
23599
23600
23596
23553
23607
23613
23609
23550
23629
23631
23636
23638
23640
23642
23645
23694
23654
23651
23635
23639
23634
23279
23664
23679
23712
23685
23699
23700
23696
23653
23707
23713
23709
23650
23728
23731
23733
23760
23736
23738
23739
23743
23745
23748
23800
23757
23754
23753
23742
23759
23741
23763
23764
23773
23769
23785
23783
23794
23788
23777
23779
23780
23821
23784
23843
23782
23791
23768
23323
23799
23797
23805
23806
23802
23340
23809
23814
23812
23815
23817
23819
23822
23811
23826
25299
23830
23128
23832
23835
23838
23840
23837
23844
23847
23849
23876
23852
23854
23855
23859
23861
23864
23916
23873
23870
23869
23858
23875
23857
23055
23880
23882
23885
23901
23899
23910
23889
23893
23895
23896
23937
23900
23904
23898
23907
23884
23879
23915
23913
23921
23922
23918
23302
23925
23930
23928
23931
23933
23935
23938
23927
23942
24623
23946
23109
23948
23951
23954
23956
23953
22976
24147
24145
24148
24165
24163
24152
24168
24159
24185
24160
22992
24164
24305
24162
24172
24324
24187
24189
24277
24192
24307
24196
24271
24205
24202
24186
24191
24207
24210
24213
24215
24218
24244
24223
24221
24226
24241
24231
24233
24238
24237
24267
24236
24596
24220
24247
24217
24235
24260
24262
24258
24265
24509
24269
24624
24285
24274
24232
24279
24281
24204
24284
24286
24157
24298
24300
24296
24303
24399
24310
24308
24313
24316
24201
24315
24142
24144
24326
24327
24329
24342
24353
24332
24336
24338
24339
24344
24343
24154
24347
24350
26081
24362
24363
24384
24341
24396
24393
24395
24408
24410
24412
24378
24415
24417
1536
24438
24440
24441
24457
24455
24464
24445
24449
24451
24452
24522
24456
24228
24460
24473
24474
24494
24454
24506
24503
24505
24516
24519
24488
24518
1683
24537
24539
24544
24602
24548
24553
24604
24562
24559
24543
24547
24542
24546
24214
24567
24569
24550
24587
24572
24576
24590
24580
24582
24620
24586
24635
24585
24593
24571
24566
24601
24599
24607
24608
1727
1734
24581
24614
24612
24615
24621
24617
24558
24626
23957
24584
24632
24629
24631
24818
24820
24821
24847
24841
24824
24828
24844
24833
24835
24836
24995
24840
24981
24839
24848
25000
24861
24865
24953
24868
24983
24872
24881
24863
24878
24862
24867
24883
24886
24889
24891
24894
24920
24899
24897
24902
24917
24907
24909
24914
24913
24943
24912
25272
24896
24923
24893
24911
24936
24938
24934
24941
25185
24945
24961
24950
24947
24908
24955
24957
24880
24960
24962
24838
24974
24976
24972
24979
25075
24986
24984
24989
24992
24877
24991
24997
24998
25002
25003
25005
25018
25029
25008
25012
25014
25015
25020
25019
24830
25023
25026
25881
25038
25039
25060
25017
25072
25069
25071
25084
25086
25088
25054
25091
25093
21885
25114
25116
25117
25133
25131
25140
25121
25125
25127
25128
25198
25132
24904
25136
25149
25150
25170
25130
25182
25179
25181
25192
25195
25164
25194
22032
25213
25215
25220
25224
25226
25229
25278
25238
25235
25219
25223
25218
25222
24890
25243
25245
25248
25263
25261
25252
25266
25256
25258
25296
25262
25311
25260
25269
25247
25242
25277
25275
25283
25284
25280
22083
25257
25290
25288
25291
25297
25293
25234
25300
23841
25302
25308
25305
25307
25497
25586
25499
25519
25522
25524
25527
25530
25532
25535
25537
25550
25540
25542
25547
25546
25576
25545
25553
25529
25556
25526
25544
25569
25571
25567
25574
26150
25541
25588
25590
25513
25593
25595
25523
25879
25882
25904
25898
25886
25905
25901
25890
25892
25893
25963
25897
25950
25896
25914
25915
25935
25895
25947
25944
25946
25957
25960
25929
25959
24321
24322
26079
26104
26098
26082
26105
26086
26090
26092
26093
26163
26097
26101
26096
26114
26115
26135
26095
26147
26144
26146
26157
26160
26129
26159
