13355
16625
13941
16997
15455
13725
18738
17213
13353
16626
13354
16627
13942
13726
15456
17214
13356
16998
15488
17000
13728
13730
16663
13944
13946
13757
16660
13389
18739
18741
16629
13973
16632
17245
13358
13361
15457
15460
13392
17216
17218
13727
18740
17001
13357
13729
16631
13943
13947
13731
16999
13362
17215
18742
16628
15461
16633
17219
13359
13360
15458
15459
13945
16630
17217
13514
13516
13518
13520
13521
13525
17063
17065
13954
16809
13952
17069
13949
17068
13951
16816
13956
13958
13955
13961
17076
13969
13970
13816
13966
17081
13967
17082
13972
17078
13823
18817
13982
18819
17304
18822
18823
17311
18804
14004
18806
18809
18810
13998
17226
17227
17224
17221
17223
17228
17230
17233
17241
17242
17238
17239
16662
13733
13735
13736
13738
13739
13740
13742
17254
13745
13750
13751
13753
13754
13388
17276
17270
14028
13766
14030
14032
14034
14035
14039
14013
13782
14015
14018
14019
13788
15467
15469
15465
15463
15464
15470
15472
15475
15483
15484
15480
15481
15487
17300
15496
17302
17306
17307
17285
17287
15517
16790
17290
17291
15511
16797
13797
13799
13537
13802
13803
13544
13812
13814
13818
13819
16640
16642
16638
16635
16637
16643
16645
16648
16656
16657
16653
16654
13369
13371
13367
16673
13366
13364
13372
13374
13377
13385
13386
13382
16696
13383
13391
16690
15545
13402
15547
15550
15551
17003
17004
17005
15528
15530
17007
17008
17009
13425
17011
15534
15532
17014
13419
15535
15539
17019
17020
17022
17023
13756
16659
17033
18748
18749
18746
18744
18745
18750
18752
18755
17048
18763
18764
17054
18760
18761
17244
16805
16807
16811
16812
18774
16786
16788
16792
16793
18795
13533
18789
13535
13539
13540
13515
13517
13519
13426
13522
13524
17015
17066
13953
17067
13948
16813
13950
17064
13965
16815
13959
13957
13968
13962
17077
14020
13963
17080
14038
17049
13964
13820
13971
17079
17083
18754
13984
18820
18821
18818
17308
17310
18805
13983
18808
18796
18807
13999
17246
16641
17225
17243
17220
17231
17229
17234
17240
17235
17237
17236
16661
13732
13749
13737
13365
13752
13741
13743
17256
13744
13822
13748
13804
13747
13758
17255
17271
13960
13767
14031
14033
14029
14036
15552
14014
13768
14017
14005
14016
13789
15486
15468
15466
15485
15462
15473
15471
15476
15482
15477
15479
15478
18766
17232
15498
17305
17301
17303
17286
17288
15497
17289
17277
16794
15512
17292
13746
13800
13801
13798
13541
13543
13813
13817
13783
13815
16639
16655
16651
16658
16634
16646
16644
16649
16796
16650
16636
16652
13390
13370
13368
16675
13363
13387
13375
13373
13378
13384
13379
13381
16674
13380
13974
16691
15474
13404
15549
15546
15548
17024
13734
17002
15529
15531
17006
17021
17010
13403
17012
15518
15533
17013
13420
15536
15538
17018
17017
17070
17016
13755
17025
17034
18747
18762
18743
17222
18759
18753
18751
18756
17035
18811
18757
17055
18824
18758
18765
16647
16810
16806
16808
18776
16787
16791
16697
16789
18775
13376
18790
13538
13534
13536
