15488 15486
15488 18766
17000 17002
17000 17006
17000 17024
17000 17025
13730 13732
13730 13737
13730 13755
13730 13758
16663 16661
16663 17246
13946 13948
13946 13953
13946 13971
13946 13974
13757 13755
13757 17024
16660 16658
16660 17025
13389 13387
13389 13758
18741 18743
18741 18747
18741 18765
18741 18766
13973 13971
13973 15485
16632 16634
16632 16639
16632 16658
16632 16661
17245 17243
17245 18765
13361 13363
13361 13368
13361 13387
13361 13390
15460 15462
15460 15466
15460 15485
15460 15486
13392 13390
13392 13974
17218 17220
17218 17225
17218 17243
17218 17246
