24850 24848
24850 25029
26080 26082
26080 26086
26080 26104
26080 26105
24325 24327
24325 24332
24325 24350
24325 24353
25555 25553
25555 25905
22983 22985
22983 22990
22983 23009
22983 23012
24352 24350
24352 26104
25558 25556
25558 26105
24174 24172
24174 24353
25001 25003
25001 25008
25001 25026
25001 25029
23011 23009
23011 24847
25528 25530
25528 25535
25528 25553
25528 25556
25028 25026
25028 25904
24146 24148
24146 24152
24146 24171
24146 24172
24822 24824
24822 24828
24822 24847
24822 24848
23014 23012
23014 24171
25880 25882
25880 25886
25880 25904
25880 25905
