3584 3580
3584 3583
3584 3610
3457 3426
3457 3431
3457 4163
3460 3428
3460 3429
3460 4279
3610 3579
3610 3697
3613 3581
3613 3582
3613 3659
4275 3423
4275 3428
4275 4276
4275 4277
4276 3424
4276 4308
4277 4278
4277 4306
4277 4308
4277 4309
4278 3428
4278 4279
4278 4281
4279 4280
4280 4281
4281 4306
4159 3425
4159 3426
4159 4160
4159 4161
4160 3424
4160 4192
4161 4162
4161 4190
4161 4192
4161 4193
4162 3426
4162 4163
4162 4165
4163 4164
4164 4165
3653 3577
3653 3581
3653 3654
3653 3656
3654 3424
3654 4308
3655 3581
3655 3656
3655 3657
3655 3659
3656 3669
3656 4308
3656 4309
4165 4190
3658 3657
3658 3659
3657 3669
4306 4312
4309 4310
4309 4312
3669 4310
4311 4310
4311 4312
3579 3576
3579 3580
3579 3691
3579 3693
4196 4190
4196 4193
4196 4195
3422 3423
3422 3425
3422 3426
3422 3428
3423 3424
3424 3425
3424 3577
3424 3578
3424 3692
4192 3692
4192 3694
3427 3426
3427 3428
3427 3429
3427 3431
4193 3694
4193 4194
3430 3429
3430 3431
4195 4194
3691 3578
3691 3692
3691 3694
3693 3694
3693 3695
3693 3697
4194 3707
3696 3695
3696 3697
3694 3707
3695 3707
3576 3577
3576 3578
3576 3581
3580 3581
3580 3582
3582 3583
