10553 10161
10553 10162
10553 10554
10553 10555
10554 10160
10554 13841
10555 10556
10555 10585
10555 13841
10555 13842
10556 10162
10556 10557
10556 10559
10557 10193
10557 10558
10558 10559
10558 10560
10558 10565
10558 10583
10558 10586
10559 10585
10560 10561
10560 10563
10560 10564
10561 10562
10561 10583
10562 10563
10562 10578
10562 10584
10562 10651
10562 13847
10562 13848
10562 13863
10563 10577
10564 10565
10564 10575
10564 10576
10564 10577
10564 10580
10565 10566
10565 10567
10566 10170
10566 10586
10567 10170
10567 10580
10568 10569
10568 10571
10568 10572
10568 10574
10569 10570
10569 10625
10570 10571
10570 10595
10570 10596
10570 10611
10570 10617
10570 10626
10570 10641
10571 10640
10572 10573
10572 10579
10572 10640
10572 10642
10573 10574
10573 10575
10573 10576
10574 10582
10574 10625
10574 10627
10575 10582
10576 10579
10577 10578
10577 10579
10578 10650
10579 10645
10579 10650
10580 10581
10580 10582
10581 10170
10581 10632
10582 10629
10582 10632
10583 10584
10583 10585
10584 13868
10585 13845
10585 13868
10586 10192
10586 10193
10594 10595
10594 10596
10595 10616
10596 10610
10610 10611
10611 10646
10616 10617
10617 10630
10625 10626
10626 10630
10627 10628
10627 10629
10628 10227
10628 10631
10629 10227
10631 10231
10632 10227
10632 10234
10640 10641
10641 10646
10642 10643
10642 10645
10643 10644
10643 10647
10644 10645
10644 10648
10644 10650
10644 13923
10644 13924
10644 13927
10647 10648
10648 13926
10650 10651
10651 13927
14749 11508
14749 11510
14749 14058
14749 14059
14750 11510
14750 14059
14750 14751
14750 14753
14751 11540
14751 14752
14752 14753
14752 14754
14752 14758
14752 14776
14752 14777
14753 14089
14754 14755
14754 14756
14754 14757
14755 14066
14755 14776
14756 14066
14756 14770
14757 14758
14757 14768
14757 14769
14757 14770
14757 14773
14758 14759
14758 14760
14759 11520
14759 14777
14760 11520
14760 14773
14761 14762
14761 14764
14761 14765
14761 14767
14762 14763
14762 14815
14763 14764
14763 14786
14763 14787
14763 14801
14763 14807
14763 14816
14763 14829
14764 14828
14765 14766
14765 14772
14765 14828
14765 14830
14766 14767
14766 14768
14766 14769
14767 14775
14767 14815
14767 14817
14768 14775
14769 14772
14770 14771
14770 14772
14771 14066
14771 14835
14772 14832
14772 14835
14773 14774
14773 14775
14774 11520
14774 14822
14775 14819
14775 14822
14776 14088
14776 14089
14777 11539
14777 11540
14785 14786
14785 14787
14786 14806
14787 14800
14800 14801
14801 14833
14806 14807
14807 14820
14815 14816
14816 14820
14817 14818
14817 14819
14818 11584
14818 14821
14819 11584
14821 11588
14822 11584
14822 11591
14828 14829
14829 14833
14830 14831
14830 14832
14831 14148
14831 14834
14832 14148
14834 14152
14835 14148
14835 14155
10785 10159
10785 10164
10785 10786
10785 10787
10786 10160
10786 11507
10787 10788
10787 10817
10787 11507
10787 11509
10788 10164
10788 10789
10788 10791
10789 10196
10789 10790
10790 10791
10790 10792
10790 10797
10790 10815
10790 10818
10791 10817
10792 10793
10792 10795
10792 10796
10793 10794
10793 10815
10794 10795
10794 10810
10794 10816
10794 10883
10794 11515
10794 11516
10794 11532
10795 10809
10796 10797
10796 10807
10796 10808
10796 10809
10796 10812
10797 10798
10797 10799
10798 10175
10798 10818
10799 10175
10799 10812
10800 10801
10800 10803
10800 10804
10800 10806
10801 10802
10801 10857
10802 10803
10802 10827
10802 10828
10802 10843
10802 10849
10802 10858
10802 10873
10803 10872
10804 10805
10804 10811
10804 10872
10804 10874
10805 10806
10805 10807
10805 10808
10806 10814
10806 10857
10806 10859
10807 10814
10808 10811
10809 10810
10809 10811
10810 10882
10811 10877
10811 10882
10812 10813
10812 10814
10813 10175
10813 10864
10814 10861
10814 10864
10815 10816
10815 10817
10816 11537
10817 11513
10817 11537
10818 10195
10818 10196
10826 10827
10826 10828
10827 10848
10828 10842
10842 10843
10843 10878
10848 10849
10849 10862
10857 10858
10858 10862
10859 10860
10859 10861
10860 10208
10860 10863
10861 10208
10863 10212
10864 10208
10864 10215
10872 10873
10873 10878
10874 10875
10874 10877
10875 10876
10875 10879
10876 10877
10876 10880
10876 10882
10876 11600
10876 11601
10876 11604
10879 10880
10880 11603
10882 10883
10883 11604
13406 13407
13406 13409
13407 13408
13407 13428
13408 13409
13408 13423
13408 13429
13408 13450
13408 13451
13408 13477
13408 13496
13409 13422
13422 13423
13423 13501
13428 13429
13429 13482
13431 13432
13431 13433
13431 13434
13431 13436
13432 10160
13432 14057
13433 10160
13433 13841
13434 13435
13434 13465
13434 13841
13434 13842
13435 13436
13435 13437
13435 13439
13436 13468
13436 14057
13436 14060
13437 13438
13437 13468
13438 13439
13438 13440
13438 13445
13438 13463
13438 13466
13439 13465
13440 13441
13440 13443
13440 13444
13441 13442
13441 13463
13442 13443
13442 13458
13442 13464
13442 13506
13442 13851
13442 13852
13442 13866
13443 13457
13444 13445
13444 13455
13444 13456
13444 13457
13444 13460
13445 13446
13445 13448
13446 13447
13446 13466
13447 13448
13447 13461
13447 13467
13447 13487
13447 14070
13447 14071
13447 14085
13448 13460
13449 13450
13449 13451
13449 13452
13449 13454
13450 13476
13451 13495
13452 13453
13452 13459
13452 13495
13452 13497
13453 13454
13453 13455
13453 13456
13454 13462
13454 13476
13454 13478
13455 13462
13456 13459
13457 13458
13457 13459
13458 13505
13459 13500
13459 13505
13460 13461
13460 13462
13461 13486
13462 13481
13462 13486
13463 13464
13463 13465
13464 13869
13465 13843
13465 13869
13466 13467
13466 13468
13467 14090
13468 14061
13468 14090
13476 13477
13477 13482
13478 13479
13478 13481
13479 13480
13479 13483
13480 13481
13480 13484
13480 13486
13480 14132
13480 14133
13480 14136
13483 13484
13484 14135
13486 13487
13487 14136
13495 13496
13496 13501
13497 13498
13497 13500
13498 13499
13498 13502
13499 13500
13499 13503
13499 13505
13499 13910
13499 13911
13499 13914
13502 13503
13503 13913
13505 13506
13506 13914
11507 11508
11507 11510
11508 10160
11509 11510
11509 11511
11509 11513
11510 11540
11511 11512
11511 11540
11512 11513
11512 11514
11512 11518
11512 11537
11512 11538
11514 11515
11514 11516
11514 11517
11515 11537
11516 11531
11517 11518
11517 11529
11517 11530
11517 11531
11517 11534
11518 11519
11518 11521
11519 11520
11519 11538
11520 11521
11520 11535
11520 11539
11520 11591
11521 11534
11522 11523
11522 11525
11522 11526
11522 11528
11523 11524
11523 11580
11524 11525
11524 11549
11524 11550
11524 11564
11524 11570
11524 11581
11524 11598
11525 11597
11526 11527
11526 11533
11526 11597
11526 11599
11527 11528
11527 11529
11527 11530
11528 11536
11528 11580
11528 11582
11529 11536
11530 11533
11531 11532
11531 11533
11532 11604
11533 11601
11533 11604
11534 11535
11534 11536
11535 11590
11536 11585
11536 11590
11538 11539
11538 11540
11548 11549
11548 11550
11549 11569
11550 11563
11563 11564
11564 11602
11569 11570
11570 11586
11580 11581
11581 11586
11582 11583
11582 11585
11583 11584
11583 11587
11584 11585
11584 11588
11584 11590
11587 11588
11590 11591
11597 11598
11598 11602
11599 11600
11599 11601
11600 11603
13842 13843
13842 13845
13843 13844
13844 13845
13844 13846
13844 13850
13844 13868
13844 13869
13846 13847
13846 13848
13846 13849
13847 13868
13848 13862
13849 13850
13849 13860
13849 13861
13849 13862
13849 13865
13850 13851
13850 13852
13851 13869
13852 13865
13853 13854
13853 13856
13853 13857
13853 13859
13854 13855
13854 13907
13855 13856
13855 13878
13855 13879
13855 13893
13855 13899
13855 13908
13855 13921
13856 13920
13857 13858
13857 13864
13857 13920
13857 13922
13858 13859
13858 13860
13858 13861
13859 13867
13859 13907
13859 13909
13860 13867
13861 13864
13862 13863
13862 13864
13863 13927
13864 13924
13864 13927
13865 13866
13865 13867
13866 13914
13867 13911
13867 13914
13877 13878
13877 13879
13878 13898
13879 13892
13892 13893
13893 13925
13898 13899
13899 13912
13907 13908
13908 13912
13909 13910
13909 13911
13910 13913
13920 13921
13921 13925
13922 13923
13922 13924
13923 13926
14057 14058
14057 14059
14058 10160
14059 14060
14059 14089
14060 14061
14060 14063
14061 14062
14062 14063
14062 14064
14062 14069
14062 14087
14062 14090
14063 14089
14064 14065
14064 14067
14064 14068
14065 14066
14065 14087
14066 14067
14066 14082
14066 14088
14066 14155
14067 14081
14068 14069
14068 14079
14068 14080
14068 14081
14068 14084
14069 14070
14069 14071
14070 14090
14071 14084
14072 14073
14072 14075
14072 14076
14072 14078
14073 14074
14073 14129
14074 14075
14074 14099
14074 14100
14074 14115
14074 14121
14074 14130
14074 14145
14075 14144
14076 14077
14076 14083
14076 14144
14076 14146
14077 14078
14077 14079
14077 14080
14078 14086
14078 14129
14078 14131
14079 14086
14080 14083
14081 14082
14081 14083
14082 14154
14083 14149
14083 14154
14084 14085
14084 14086
14085 14136
14086 14133
14086 14136
14087 14088
14087 14089
14098 14099
14098 14100
14099 14120
14100 14114
14114 14115
14115 14150
14120 14121
14121 14134
14129 14130
14130 14134
14131 14132
14131 14133
14132 14135
14144 14145
14145 14150
14146 14147
14146 14149
14147 14148
14147 14151
14148 14149
14148 14152
14148 14154
14151 14152
14154 14155
10133 10134
10133 10136
10134 10135
10134 10155
10135 10136
10135 10150
10135 10156
10135 10178
10135 10179
10135 10205
10135 10224
10136 10149
10149 10150
10150 10229
10155 10156
10156 10210
10158 10159
10158 10161
10158 10162
10158 10164
10159 10160
10160 10161
10162 10163
10162 10193
10163 10164
10163 10165
10163 10167
10164 10196
10165 10166
10165 10196
10166 10167
10166 10168
10166 10173
10166 10191
10166 10194
10167 10193
10168 10169
10168 10171
10168 10172
10169 10170
10169 10191
10170 10171
10170 10186
10170 10192
10170 10234
10171 10185
10172 10173
10172 10183
10172 10184
10172 10185
10172 10188
10173 10174
10173 10176
10174 10175
10174 10194
10175 10176
10175 10189
10175 10195
10175 10215
10176 10188
10177 10178
10177 10179
10177 10180
10177 10182
10178 10204
10179 10223
10180 10181
10180 10187
10180 10223
10180 10225
10181 10182
10181 10183
10181 10184
10182 10190
10182 10204
10182 10206
10183 10190
10184 10187
10185 10186
10185 10187
10186 10233
10187 10228
10187 10233
10188 10189
10188 10190
10189 10214
10190 10209
10190 10214
10191 10192
10191 10193
10194 10195
10194 10196
10204 10205
10205 10210
10206 10207
10206 10209
10207 10208
10207 10211
10208 10209
10208 10212
10208 10214
10211 10212
10214 10215
10223 10224
10224 10229
10225 10226
10225 10228
10226 10227
10226 10230
10227 10228
10227 10231
10227 10233
10230 10231
10233 10234
