15104 15102
15104 15220
14045 14047
14045 14049
14045 14052
14045 14055
13301 13303
13301 13305
13301 13309
13301 13310
15188 15186
15188 15564
13339 13341
13339 13343
13339 13347
13339 13348
13312 13310
13312 14055
14054 14052
14054 15563
13231 13229
13231 13309
15089 15086
15089 15090
15089 15102
15089 15105
13350 13348
13350 15221
15556 15558
15556 15560
15556 15563
15556 15564
15107 15105
15107 15185
13212 13209
13212 13213
13212 13226
13212 13229
15213 15215
15213 15217
15213 15220
15213 15221
13228 13226
13228 13347
15177 15179
15177 15181
15177 15185
15177 15186
